00:00:00.024 -> (3.2649071216, 3.2013685703, 3.2062561511, 3.3040077686, 3.3088953495, 3.2453567981)
00:00:00.502 -> (3.2502443790, 3.1573803424, 3.1867058277, 3.2942326068, 3.2697947025, 3.2404692173)
00:00:00.953 -> (3.2551319599, 3.1524927616, 3.1818182468, 3.2893450260, 3.2746822834, 3.2404692173)
00:00:01.403 -> (3.2502443790, 3.1622679233, 3.1867058277, 3.2942326068, 3.2746822834, 3.2404692173)
00:00:01.854 -> (3.2502443790, 3.1769306659, 3.2013685703, 3.2991201877, 3.2991201877, 3.2502443790)
00:00:02.305 -> (3.2649071216, 3.1964809894, 3.1867058277, 3.2942326068, 3.2991201877, 3.2502443790)
00:00:02.756 -> (3.2551319599, 3.1915934085, 3.1915934085, 3.2942326068, 3.2991201877, 3.2404692173)
00:00:03.207 -> (3.2697947025, 3.1476051807, 3.1622679233, 3.3040077686, 3.2942326068, 3.2453567981)
00:00:03.657 -> (3.2502443790, 3.1524927616, 3.2013685703, 3.2942326068, 3.2795698642, 3.2502443790)
00:00:04.108 -> (3.2649071216, 3.1378300189, 3.1964809894, 3.2991201877, 3.2746822834, 3.2502443790)
00:00:04.558 -> (3.2600195407, 3.1329424381, 3.1964809894, 3.2991201877, 3.2649071216, 3.2502443790)
00:00:05.009 -> (3.2600195407, 3.1231670379, 3.1915934085, 3.2991201877, 3.2649071216, 3.2453567981)
00:00:05.459 -> (3.2551319599, 3.1231670379, 3.1671555042, 3.2942326068, 3.2551319599, 3.2404692173)
00:00:05.910 -> (3.2649071216, 3.1133918762, 3.1818182468, 3.2893450260, 3.2502443790, 3.2404692173)
00:00:06.361 -> (3.2697947025, 3.1280546188, 3.2258064746, 3.2942326068, 3.2697947025, 3.2502443790)
00:00:06.811 -> (3.2600195407, 3.1231670379, 3.1818182468, 3.2942326068, 3.2600195407, 3.2355816364)
00:00:07.263 -> (3.2502443790, 3.1427175998, 3.1867058277, 3.2844574451, 3.2697947025, 3.2404692173)
00:00:07.713 -> (3.2551319599, 3.1573803424, 3.1818182468, 3.2893450260, 3.2746822834, 3.2404692173)
00:00:08.164 -> (3.2600195407, 3.1671555042, 3.1915934085, 3.2893450260, 3.2795698642, 3.2453567981)
00:00:08.614 -> (3.2551319599, 3.1720430850, 3.1964809894, 3.2942326068, 3.2844574451, 3.2404692173)
00:00:09.065 -> (3.2600195407, 3.2062561511, 3.2013685703, 3.2893450260, 3.3186705112, 3.2600195407)
00:00:09.516 -> (3.2649071216, 3.2013685703, 3.2013685703, 3.2942326068, 3.3186705112, 3.2551319599)
00:00:09.966 -> (3.2551319599, 3.1915934085, 3.1720430850, 3.2893450260, 3.3137829303, 3.2551319599)
00:00:10.417 -> (3.2746822834, 3.1769306659, 3.2111437320, 3.2991201877, 3.2991201877, 3.2453567981)
00:00:10.867 -> (3.2551319599, 3.1622679233, 3.1915934085, 3.2991201877, 3.2893450260, 3.2502443790)
00:00:11.319 -> (3.2649071216, 3.1524927616, 3.1964809894, 3.2942326068, 3.2893450260, 3.2502443790)
00:00:11.769 -> (3.2649071216, 3.1427175998, 3.1915934085, 3.2942326068, 3.2844574451, 3.2502443790)
00:00:12.220 -> (3.2600195407, 3.1378300189, 3.1915934085, 3.2991201877, 3.2844574451, 3.2453567981)
00:00:12.670 -> (3.2600195407, 3.1427175998, 3.1818182468, 3.2795698642, 3.2697947025, 3.2453567981)
00:00:13.121 -> (3.2600195407, 3.1231670379, 3.1915934085, 3.2893450260, 3.2746822834, 3.2453567981)
00:00:13.572 -> (3.2502443790, 3.1231670379, 3.2111437320, 3.3040077686, 3.2795698642, 3.2355816364)
00:00:14.022 -> (3.2404692173, 3.1524927616, 3.1818182468, 3.2844574451, 3.2844574451, 3.2355816364)
00:00:14.473 -> (3.2502443790, 3.1573803424, 3.1769306659, 3.2844574451, 3.2893450260, 3.2453567981)
00:00:14.923 -> (3.2551319599, 3.1622679233, 3.1818182468, 3.2893450260, 3.2942326068, 3.2404692173)
00:00:15.375 -> (3.2551319599, 3.1720430850, 3.1818182468, 3.2942326068, 3.2942326068, 3.2453567981)
00:00:15.825 -> (3.2502443790, 3.1769306659, 3.1720430850, 3.2844574451, 3.3040077686, 3.2453567981)
00:00:16.276 -> (3.2600195407, 3.1915934085, 3.1818182468, 3.2942326068, 3.3137829303, 3.2453567981)
00:00:16.727 -> (3.2649071216, 3.2111437320, 3.1818182468, 3.2991201877, 3.3284456729, 3.2502443790)
00:00:17.177 -> (3.2649071216, 3.2111437320, 3.1818182468, 3.2942326068, 3.3382208347, 3.2649071216)
00:00:17.628 -> (3.2746822834, 3.1720430850, 3.2111437320, 3.3040077686, 3.3040077686, 3.2551319599)
00:00:18.078 -> (3.2649071216, 3.1769306659, 3.1524927616, 3.2942326068, 3.3040077686, 3.2551319599)
00:00:18.529 -> (3.2649071216, 3.1622679233, 3.1867058277, 3.2991201877, 3.2991201877, 3.2551319599)
00:00:18.979 -> (3.2649071216, 3.1524927616, 3.1867058277, 3.2991201877, 3.2942326068, 3.2551319599)
00:00:19.431 -> (3.2600195407, 3.1427175998, 3.1818182468, 3.2942326068, 3.2893450260, 3.2551319599)
00:00:19.881 -> (3.2600195407, 3.1524927616, 3.1867058277, 3.2942326068, 3.2893450260, 3.2502443790)
00:00:20.332 -> (3.2600195407, 3.1182794570, 3.1867058277, 3.2942326068, 3.2697947025, 3.2551319599)
00:00:20.783 -> (3.2551319599, 3.1231670379, 3.1915934085, 3.2844574451, 3.2697947025, 3.2453567981)
00:00:21.233 -> (3.2649071216, 3.1231670379, 3.2258064746, 3.2844574451, 3.2844574451, 3.2404692173)
00:00:21.684 -> (3.2551319599, 3.1427175998, 3.1915934085, 3.2893450260, 3.2942326068, 3.2453567981)
00:00:22.134 -> (3.2502443790, 3.1622679233, 3.1867058277, 3.2844574451, 3.2942326068, 3.2502443790)
00:00:22.585 -> (3.2551319599, 3.1622679233, 3.1867058277, 3.2893450260, 3.3040077686, 3.2453567981)
00:00:23.036 -> (3.2551319599, 3.1720430850, 3.1867058277, 3.2942326068, 3.3040077686, 3.2453567981)
00:00:23.487 -> (3.2551319599, 3.1867058277, 3.2062561511, 3.2942326068, 3.3284456729, 3.2600195407)
00:00:23.938 -> (3.2600195407, 3.2160313129, 3.1964809894, 3.2991201877, 3.3333332538, 3.2600195407)
00:00:24.388 -> (3.2502443790, 3.2111437320, 3.1818182468, 3.3040077686, 3.3088953495, 3.2502443790)
00:00:24.839 -> (3.2746822834, 3.2013685703, 3.1720430850, 3.2795698642, 3.3186705112, 3.2649071216)
00:00:25.289 -> (3.2551319599, 3.1671555042, 3.1720430850, 3.2991201877, 3.3040077686, 3.2600195407)
00:00:25.740 -> (3.2551319599, 3.1524927616, 3.1818182468, 3.2942326068, 3.2991201877, 3.2600195407)
00:00:26.190 -> (3.2600195407, 3.1476051807, 3.1867058277, 3.2893450260, 3.2893450260, 3.2551319599)
00:00:26.641 -> (3.2551319599, 3.1427175998, 3.1867058277, 3.2991201877, 3.2893450260, 3.2453567981)
00:00:27.091 -> (3.2600195407, 3.1524927616, 3.1867058277, 3.2942326068, 3.2844574451, 3.2551319599)
00:00:27.543 -> (3.2502443790, 3.1280546188, 3.1818182468, 3.2893450260, 3.2746822834, 3.2502443790)
00:00:27.994 -> (3.2551319599, 3.1231670379, 3.2013685703, 3.2942326068, 3.2649071216, 3.2404692173)
00:00:28.444 -> (3.2502443790, 3.1280546188, 3.1182794570, 3.2991201877, 3.2844574451, 3.2453567981)
00:00:28.895 -> (3.2600195407, 3.1476051807, 3.1671555042, 3.2844574451, 3.2893450260, 3.2502443790)
00:00:29.345 -> (3.2551319599, 3.1671555042, 3.1818182468, 3.2844574451, 3.2942326068, 3.2502443790)
00:00:29.796 -> (3.2502443790, 3.1671555042, 3.1915934085, 3.2942326068, 3.2942326068, 3.2502443790)
00:00:30.246 -> (3.2600195407, 3.1720430850, 3.1915934085, 3.2893450260, 3.3040077686, 3.2551319599)
00:00:30.697 -> (3.2551319599, 3.1915934085, 3.2013685703, 3.2893450260, 3.3186705112, 3.2502443790)
00:00:31.148 -> (3.2600195407, 3.2013685703, 3.2209188938, 3.2893450260, 3.3235580921, 3.2600195407)
00:00:31.598 -> (3.2649071216, 3.2062561511, 3.2062561511, 3.2942326068, 3.3186705112, 3.2697947025)
00:00:32.050 -> (3.2649071216, 3.1915934085, 3.2453567981, 3.3137829303, 3.3137829303, 3.2649071216)
00:00:32.500 -> (3.2649071216, 3.1720430850, 3.2062561511, 3.2991201877, 3.3040077686, 3.2649071216)
00:00:32.951 -> (3.2600195407, 3.1573803424, 3.1915934085, 3.2942326068, 3.2991201877, 3.2600195407)
00:00:33.401 -> (3.2600195407, 3.1476051807, 3.1867058277, 3.2991201877, 3.2942326068, 3.2649071216)
00:00:33.852 -> (3.2600195407, 3.1427175998, 3.1915934085, 3.2942326068, 3.2893450260, 3.2600195407)
00:00:34.302 -> (3.2551319599, 3.1378300189, 3.1915934085, 3.2942326068, 3.2942326068, 3.2551319599)
00:00:34.753 -> (3.2551319599, 3.1182794570, 3.1867058277, 3.2844574451, 3.2795698642, 3.2600195407)
00:00:35.204 -> (3.2502443790, 3.1231670379, 3.1818182468, 3.2893450260, 3.2746822834, 3.2502443790)
00:00:35.654 -> (3.2697947025, 3.1329424381, 3.1818182468, 3.2746822834, 3.2942326068, 3.2502443790)
00:00:36.106 -> (3.2453567981, 3.1476051807, 3.1671555042, 3.2893450260, 3.2942326068, 3.2502443790)
00:00:36.556 -> (3.2502443790, 3.1622679233, 3.1867058277, 3.2893450260, 3.2991201877, 3.2600195407)
00:00:37.007 -> (3.2502443790, 3.1573803424, 3.1818182468, 3.2893450260, 3.2991201877, 3.2502443790)
00:00:37.457 -> (3.2502443790, 3.1573803424, 3.1867058277, 3.2893450260, 3.3040077686, 3.2600195407)
00:00:37.908 -> (3.2502443790, 3.1720430850, 3.1867058277, 3.2893450260, 3.3088953495, 3.2697947025)
00:00:38.359 -> (3.2502443790, 3.2062561511, 3.1915934085, 3.2942326068, 3.3333332538, 3.2551319599)
00:00:38.809 -> (3.2649071216, 3.2013685703, 3.1915934085, 3.2893450260, 3.3235580921, 3.2649071216)
00:00:39.260 -> (3.2600195407, 3.1915934085, 3.1427175998, 3.2844574451, 3.3137829303, 3.2551319599)
00:00:39.710 -> (3.2649071216, 3.1573803424, 3.2062561511, 3.2942326068, 3.3088953495, 3.2649071216)
00:00:40.161 -> (3.2502443790, 3.1573803424, 3.1818182468, 3.2942326068, 3.3088953495, 3.2649071216)
00:00:40.611 -> (3.2600195407, 3.1524927616, 3.1915934085, 3.2942326068, 3.3040077686, 3.2746822834)
00:00:41.063 -> (3.2600195407, 3.1524927616, 3.1818182468, 3.2991201877, 3.2942326068, 3.2697947025)
00:00:41.513 -> (3.2600195407, 3.1427175998, 3.1964809894, 3.2942326068, 3.2942326068, 3.2600195407)
00:00:41.964 -> (3.2551319599, 3.1378300189, 3.2013685703, 3.2942326068, 3.2991201877, 3.2649071216)
00:00:42.415 -> (3.2453567981, 3.1182794570, 3.1867058277, 3.2844574451, 3.2795698642, 3.2551319599)
00:00:42.865 -> (3.2453567981, 3.1182794570, 3.1769306659, 3.2942326068, 3.2746822834, 3.2600195407)
00:00:43.316 -> (3.2453567981, 3.1133918762, 3.2160313129, 3.3040077686, 3.2991201877, 3.2502443790)
00:00:43.766 -> (3.2404692173, 3.1329424381, 3.1867058277, 3.2893450260, 3.2991201877, 3.2551319599)
00:00:44.217 -> (3.2502443790, 3.1476051807, 3.1818182468, 3.2844574451, 3.2991201877, 3.2551319599)
00:00:44.667 -> (3.2502443790, 3.1476051807, 3.1915934085, 3.2942326068, 3.2991201877, 3.2551319599)
00:00:45.118 -> (3.2502443790, 3.1622679233, 3.1915934085, 3.2893450260, 3.3088953495, 3.2600195407)
00:00:45.570 -> (3.2551319599, 3.1720430850, 3.2062561511, 3.2893450260, 3.3088953495, 3.2600195407)
00:00:46.020 -> (3.2551319599, 3.1818182468, 3.1964809894, 3.2991201877, 3.3284456729, 3.2649071216)
00:00:46.471 -> (3.2600195407, 3.2013685703, 3.2111437320, 3.3040077686, 3.3333332538, 3.2649071216)
00:00:46.921 -> (3.2600195407, 3.2062561511, 3.2209188938, 3.3040077686, 3.3382208347, 3.2697947025)
00:00:47.372 -> (3.2453567981, 3.1671555042, 3.1524927616, 3.2844574451, 3.3382208347, 3.2795698642)
00:00:47.822 -> (3.2600195407, 3.1720430850, 3.2160313129, 3.3040077686, 3.3186705112, 3.2697947025)
00:00:48.273 -> (3.2502443790, 3.1524927616, 3.1964809894, 3.2991201877, 3.3040077686, 3.2649071216)
00:00:48.723 -> (3.2551319599, 3.1524927616, 3.2062561511, 3.2942326068, 3.3040077686, 3.2697947025)
00:00:49.174 -> (3.2551319599, 3.1524927616, 3.1964809894, 3.2991201877, 3.2991201877, 3.2697947025)
00:00:49.625 -> (3.2551319599, 3.1476051807, 3.1915934085, 3.2991201877, 3.2991201877, 3.2649071216)
00:00:50.076 -> (3.2551319599, 3.1476051807, 3.1818182468, 3.2942326068, 3.2844574451, 3.2649071216)
00:00:50.527 -> (3.2502443790, 3.1280546188, 3.1915934085, 3.2893450260, 3.2795698642, 3.2600195407)
00:00:50.977 -> (3.2404692173, 3.1231670379, 3.1915934085, 3.2795698642, 3.2697947025, 3.2746822834)
00:00:51.428 -> (3.2502443790, 3.1573803424, 3.1867058277, 3.2844574451, 3.2893450260, 3.2551319599)
00:00:51.878 -> (3.2551319599, 3.1622679233, 3.1867058277, 3.2942326068, 3.2991201877, 3.2600195407)
00:00:52.329 -> (3.2453567981, 3.1720430850, 3.1915934085, 3.2893450260, 3.3040077686, 3.2649071216)
00:00:52.780 -> (3.2502443790, 3.1769306659, 3.1867058277, 3.2893450260, 3.3088953495, 3.2697947025)
00:00:53.230 -> (3.2453567981, 3.1769306659, 3.1964809894, 3.2942326068, 3.3137829303, 3.2697947025)
00:00:53.681 -> (3.2600195407, 3.2111437320, 3.2062561511, 3.2942326068, 3.3333332538, 3.2697947025)
00:00:54.131 -> (3.2551319599, 3.2013685703, 3.2062561511, 3.2942326068, 3.3382208347, 3.2697947025)
00:00:54.583 -> (3.2649071216, 3.1867058277, 3.2258064746, 3.3137829303, 3.3284456729, 3.2746822834)
00:00:55.033 -> (3.2551319599, 3.1720430850, 3.1867058277, 3.2991201877, 3.3137829303, 3.2795698642)
00:00:55.484 -> (3.2502443790, 3.1573803424, 3.2013685703, 3.2991201877, 3.3088953495, 3.2795698642)
00:00:55.934 -> (3.2551319599, 3.1573803424, 3.2013685703, 3.2991201877, 3.2991201877, 3.2746822834)
00:00:56.385 -> (3.2551319599, 3.1476051807, 3.2013685703, 3.2942326068, 3.2942326068, 3.2697947025)
00:00:56.836 -> (3.2551319599, 3.1476051807, 3.2013685703, 3.2942326068, 3.2942326068, 3.2746822834)
00:00:57.286 -> (3.2404692173, 3.1182794570, 3.1915934085, 3.2893450260, 3.2795698642, 3.2600195407)
00:00:57.737 -> (3.2355816364, 3.1182794570, 3.1915934085, 3.2942326068, 3.2746822834, 3.2649071216)
00:00:58.187 -> (3.2258064746, 3.1573803424, 3.1964809894, 3.2795698642, 3.2942326068, 3.2649071216)
00:00:58.639 -> (3.2258064746, 3.1622679233, 3.1964809894, 3.2893450260, 3.2991201877, 3.2600195407)
00:00:59.089 -> (3.2453567981, 3.1573803424, 3.1964809894, 3.2844574451, 3.3040077686, 3.2649071216)
00:00:59.540 -> (3.2453567981, 3.1720430850, 3.1915934085, 3.2942326068, 3.3088953495, 3.2697947025)
00:00:59.991 -> (3.2502443790, 3.1818182468, 3.1915934085, 3.2942326068, 3.3186705112, 3.2697947025)
00:01:00.441 -> (3.2551319599, 3.1964809894, 3.2013685703, 3.2991201877, 3.3284456729, 3.2697947025)
00:01:00.892 -> (3.2600195407, 3.2111437320, 3.2013685703, 3.2991201877, 3.3382208347, 3.2844574451)
00:01:01.342 -> (3.2649071216, 3.1524927616, 3.1476051807, 3.3088953495, 3.3186705112, 3.2746822834)
00:01:01.793 -> (3.2502443790, 3.1622679233, 3.1867058277, 3.2991201877, 3.3088953495, 3.2697947025)
00:01:02.243 -> (3.2502443790, 3.1427175998, 3.2013685703, 3.2991201877, 3.3088953495, 3.2746822834)
00:01:02.694 -> (3.2551319599, 3.1427175998, 3.1915934085, 3.2991201877, 3.2942326068, 3.2746822834)
00:01:03.144 -> (3.2502443790, 3.1427175998, 3.1867058277, 3.2942326068, 3.2991201877, 3.2746822834)
00:01:03.596 -> (3.2453567981, 3.1280546188, 3.1769306659, 3.2893450260, 3.2844574451, 3.2649071216)
00:01:04.047 -> (3.2355816364, 3.1329424381, 3.1867058277, 3.2844574451, 3.2697947025, 3.2551319599)
00:01:04.497 -> (3.2551319599, 3.1280546188, 3.1915934085, 3.2844574451, 3.2942326068, 3.2649071216)
00:01:04.948 -> (3.2453567981, 3.1622679233, 3.1867058277, 3.2893450260, 3.3040077686, 3.2649071216)
00:01:05.398 -> (3.2404692173, 3.1622679233, 3.1964809894, 3.2893450260, 3.3040077686, 3.2649071216)
00:01:05.849 -> (3.2404692173, 3.1720430850, 3.2013685703, 3.2893450260, 3.3137829303, 3.2697947025)
00:01:06.299 -> (3.2453567981, 3.1915934085, 3.2013685703, 3.2844574451, 3.3186705112, 3.2649071216)
00:01:06.750 -> (3.2453567981, 3.2160313129, 3.2062561511, 3.2991201877, 3.3333332538, 3.2746822834)
00:01:07.201 -> (3.2404692173, 3.2013685703, 3.2062561511, 3.3137829303, 3.3284456729, 3.2649071216)
00:01:07.652 -> (3.2551319599, 3.1915934085, 3.2160313129, 3.2942326068, 3.3235580921, 3.2795698642)
00:01:08.103 -> (3.2502443790, 3.1524927616, 3.2013685703, 3.2942326068, 3.3137829303, 3.2795698642)
00:01:08.553 -> (3.2453567981, 3.1524927616, 3.2013685703, 3.2893450260, 3.3040077686, 3.2746822834)
00:01:09.004 -> (3.2502443790, 3.1378300189, 3.1915934085, 3.2893450260, 3.2942326068, 3.2746822834)
00:01:09.454 -> (3.2453567981, 3.1378300189, 3.1915934085, 3.2942326068, 3.2942326068, 3.2746822834)
00:01:09.905 -> (3.2453567981, 3.1133918762, 3.1720430850, 3.2844574451, 3.2795698642, 3.2697947025)
00:01:10.355 -> (3.2453567981, 3.1231670379, 3.1867058277, 3.2893450260, 3.2746822834, 3.2649071216)
00:01:10.806 -> (3.2453567981, 3.1378300189, 3.1573803424, 3.2697947025, 3.2942326068, 3.2746822834)
00:01:11.257 -> (3.2355816364, 3.1573803424, 3.1867058277, 3.2893450260, 3.2991201877, 3.2697947025)
00:01:11.707 -> (3.2453567981, 3.1573803424, 3.1867058277, 3.2844574451, 3.3040077686, 3.2746822834)
00:01:12.159 -> (3.2404692173, 3.1720430850, 3.1964809894, 3.2893450260, 3.3088953495, 3.2697947025)
00:01:12.609 -> (3.2404692173, 3.1769306659, 3.2013685703, 3.2942326068, 3.3186705112, 3.2600195407)
00:01:13.060 -> (3.2502443790, 3.2013685703, 3.2209188938, 3.2942326068, 3.3382208347, 3.2795698642)
00:01:13.510 -> (3.2600195407, 3.2013685703, 3.1867058277, 3.2991201877, 3.3235580921, 3.2893450260)
00:01:13.961 -> (3.2649071216, 3.1573803424, 3.2453567981, 3.2942326068, 3.3235580921, 3.2795698642)
00:01:14.412 -> (3.2551319599, 3.1622679233, 3.1964809894, 3.2991201877, 3.3137829303, 3.2795698642)
00:01:14.862 -> (3.2502443790, 3.1524927616, 3.2062561511, 3.2942326068, 3.3088953495, 3.2795698642)
00:01:15.313 -> (3.2453567981, 3.1476051807, 3.2013685703, 3.2942326068, 3.2991201877, 3.2746822834)
00:01:15.763 -> (3.2453567981, 3.1427175998, 3.2062561511, 3.2893450260, 3.2991201877, 3.2746822834)
00:01:16.214 -> (3.2502443790, 3.1133918762, 3.1915934085, 3.2893450260, 3.2795698642, 3.2746822834)
00:01:16.665 -> (3.2404692173, 3.1231670379, 3.1915934085, 3.2893450260, 3.2844574451, 3.2649071216)
00:01:17.116 -> (3.2355816364, 3.1182794570, 3.1573803424, 3.2844574451, 3.2893450260, 3.2697947025)
00:01:17.566 -> (3.2404692173, 3.1524927616, 3.1915934085, 3.2844574451, 3.3040077686, 3.2697947025)
00:01:18.017 -> (3.2306940555, 3.1524927616, 3.1915934085, 3.2844574451, 3.3088953495, 3.2697947025)
00:01:18.468 -> (3.2355816364, 3.1622679233, 3.1964809894, 3.2893450260, 3.3137829303, 3.2697947025)
00:01:18.918 -> (3.2453567981, 3.1720430850, 3.1915934085, 3.2942326068, 3.3284456729, 3.2844574451)
00:01:19.369 -> (3.2355816364, 3.1818182468, 3.2160313129, 3.2991201877, 3.3382208347, 3.2844574451)
00:01:19.819 -> (3.2355816364, 3.1720430850, 3.2258064746, 3.2844574451, 3.3284456729, 3.2844574451)
00:01:20.270 -> (3.2551319599, 3.1573803424, 3.2209188938, 3.2942326068, 3.3235580921, 3.2795698642)
00:01:20.721 -> (3.2453567981, 3.1476051807, 3.2013685703, 3.2942326068, 3.3137829303, 3.2795698642)
00:01:21.172 -> (3.2502443790, 3.1427175998, 3.2013685703, 3.2942326068, 3.3040077686, 3.2795698642)
00:01:21.623 -> (3.2453567981, 3.1427175998, 3.1964809894, 3.2942326068, 3.3040077686, 3.2746822834)
00:01:22.073 -> (3.2404692173, 3.1280546188, 3.1867058277, 3.2942326068, 3.2893450260, 3.2746822834)
00:01:22.524 -> (3.2355816364, 3.1231670379, 3.1769306659, 3.2844574451, 3.2893450260, 3.2697947025)
00:01:22.974 -> (3.2600195407, 3.1524927616, 3.1378300189, 3.2649071216, 3.2746822834, 3.2697947025)
00:01:23.425 -> (3.2453567981, 3.1524927616, 3.1818182468, 3.2844574451, 3.3088953495, 3.2649071216)
00:01:23.875 -> (3.2355816364, 3.1476051807, 3.1818182468, 3.2844574451, 3.3088953495, 3.2697947025)
00:01:24.326 -> (3.2355816364, 3.1524927616, 3.1867058277, 3.2844574451, 3.3137829303, 3.2746822834)
00:01:24.777 -> (3.2404692173, 3.1573803424, 3.1818182468, 3.2893450260, 3.3186705112, 3.2746822834)
00:01:25.228 -> (3.2502443790, 3.1915934085, 3.1964809894, 3.2991201877, 3.3431084156, 3.2795698642)
00:01:25.679 -> (3.2502443790, 3.1867058277, 3.2160313129, 3.2942326068, 3.3431084156, 3.2844574451)
00:01:26.129 -> (3.2600195407, 3.1818182468, 3.2453567981, 3.3088953495, 3.3284456729, 3.2844574451)
00:01:26.580 -> (3.2551319599, 3.1476051807, 3.2013685703, 3.2991201877, 3.3137829303, 3.2844574451)
00:01:27.030 -> (3.2453567981, 3.1329424381, 3.2062561511, 3.2942326068, 3.3088953495, 3.2844574451)
00:01:27.481 -> (3.2502443790, 3.1231670379, 3.2062561511, 3.2942326068, 3.3040077686, 3.2746822834)
00:01:27.931 -> (3.2453567981, 3.1280546188, 3.2062561511, 3.2893450260, 3.3040077686, 3.2746822834)
00:01:28.382 -> (3.2453567981, 3.1133918762, 3.1964809894, 3.2844574451, 3.2795698642, 3.2746822834)
00:01:28.834 -> (3.2404692173, 3.1085042953, 3.1964809894, 3.2844574451, 3.2746822834, 3.2649071216)
00:01:29.284 -> (3.2306940555, 3.1182794570, 3.1573803424, 3.2697947025, 3.2893450260, 3.2600195407)
00:01:29.735 -> (3.2453567981, 3.1378300189, 3.1915934085, 3.2746822834, 3.2942326068, 3.2649071216)
00:01:30.185 -> (3.2306940555, 3.1476051807, 3.2013685703, 3.2844574451, 3.3040077686, 3.2746822834)
00:01:30.636 -> (3.2404692173, 3.1524927616, 3.1964809894, 3.2893450260, 3.3088953495, 3.2746822834)
00:01:31.086 -> (3.2355816364, 3.1573803424, 3.2013685703, 3.2893450260, 3.3088953495, 3.2746822834)
00:01:31.537 -> (3.2453567981, 3.1573803424, 3.2013685703, 3.2942326068, 3.3333332538, 3.2746822834)
00:01:31.987 -> (3.2453567981, 3.1867058277, 3.2209188938, 3.2942326068, 3.3333332538, 3.2844574451)
00:01:32.438 -> (3.2551319599, 3.1915934085, 3.1915934085, 3.2893450260, 3.3333332538, 3.2844574451)
00:01:32.890 -> (3.2649071216, 3.1573803424, 3.1671555042, 3.2942326068, 3.3137829303, 3.2795698642)
00:01:33.340 -> (3.2453567981, 3.1573803424, 3.2013685703, 3.2942326068, 3.3088953495, 3.2844574451)
00:01:33.791 -> (3.2551319599, 3.1476051807, 3.1964809894, 3.2942326068, 3.3040077686, 3.2844574451)
00:01:34.241 -> (3.2404692173, 3.1329424381, 3.1964809894, 3.2942326068, 3.2942326068, 3.2795698642)
00:01:34.692 -> (3.2502443790, 3.1329424381, 3.1867058277, 3.2942326068, 3.2942326068, 3.2746822834)
00:01:35.142 -> (3.2355816364, 3.1133918762, 3.1818182468, 3.2844574451, 3.2795698642, 3.2795698642)
00:01:35.593 -> (3.2453567981, 3.1133918762, 3.1818182468, 3.2795698642, 3.2795698642, 3.2746822834)
00:01:36.044 -> (3.2355816364, 3.1085042953, 3.1329424381, 3.2697947025, 3.2746822834, 3.2746822834)
00:01:36.494 -> (3.2404692173, 3.1427175998, 3.1671555042, 3.2795698642, 3.2795698642, 3.2746822834)
00:01:36.946 -> (3.2355816364, 3.1524927616, 3.1818182468, 3.2844574451, 3.2991201877, 3.2746822834)
00:01:37.396 -> (3.2355816364, 3.1524927616, 3.1818182468, 3.2844574451, 3.2991201877, 3.2746822834)
00:01:37.847 -> (3.2404692173, 3.1671555042, 3.1818182468, 3.2844574451, 3.3040077686, 3.2795698642)
00:01:38.297 -> (3.2404692173, 3.1671555042, 3.1769306659, 3.2893450260, 3.3235580921, 3.2844574451)
00:01:38.748 -> (3.2502443790, 3.1964809894, 3.1964809894, 3.2844574451, 3.3284456729, 3.2844574451)
00:01:39.198 -> (3.2453567981, 3.1867058277, 3.2160313129, 3.2844574451, 3.3284456729, 3.2893450260)
00:01:39.649 -> (3.2502443790, 3.1622679233, 3.1573803424, 3.2795698642, 3.3235580921, 3.2893450260)
00:01:40.100 -> (3.2502443790, 3.1720430850, 3.2062561511, 3.3040077686, 3.3088953495, 3.2844574451)
00:01:40.551 -> (3.2453567981, 3.1427175998, 3.1915934085, 3.2942326068, 3.3040077686, 3.2893450260)
00:01:41.002 -> (3.2502443790, 3.1427175998, 3.1964809894, 3.2942326068, 3.2942326068, 3.2844574451)
00:01:41.452 -> (3.2453567981, 3.1329424381, 3.1964809894, 3.2893450260, 3.2893450260, 3.2893450260)
00:01:41.903 -> (3.2453567981, 3.1378300189, 3.2062561511, 3.2844574451, 3.2844574451, 3.2746822834)
00:01:42.353 -> (3.2306940555, 3.1182794570, 3.1915934085, 3.2844574451, 3.2795698642, 3.2746822834)
00:01:42.804 -> (3.2404692173, 3.1231670379, 3.1573803424, 3.2697947025, 3.2746822834, 3.2649071216)
00:01:43.255 -> (3.2355816364, 3.1427175998, 3.2160313129, 3.2795698642, 3.2991201877, 3.2746822834)
00:01:43.705 -> (3.2355816364, 3.1524927616, 3.1915934085, 3.2795698642, 3.2991201877, 3.2697947025)
00:01:44.156 -> (3.2355816364, 3.1524927616, 3.1964809894, 3.2844574451, 3.3040077686, 3.2795698642)
00:01:44.607 -> (3.2355816364, 3.1622679233, 3.1964809894, 3.2893450260, 3.3040077686, 3.2746822834)
00:01:45.058 -> (3.2404692173, 3.1720430850, 3.1964809894, 3.2942326068, 3.3235580921, 3.2795698642)
00:01:45.508 -> (3.2502443790, 3.1964809894, 3.2062561511, 3.2991201877, 3.3284456729, 3.2844574451)
00:01:45.959 -> (3.2551319599, 3.2062561511, 3.1867058277, 3.2893450260, 3.3284456729, 3.2942326068)
00:01:46.409 -> (3.2453567981, 3.1720430850, 3.1573803424, 3.2893450260, 3.3137829303, 3.2844574451)
00:01:46.860 -> (3.2453567981, 3.1622679233, 3.1964809894, 3.2942326068, 3.3040077686, 3.2844574451)
00:01:47.311 -> (3.2453567981, 3.1476051807, 3.1964809894, 3.2942326068, 3.2991201877, 3.2844574451)
00:01:47.761 -> (3.2502443790, 3.1378300189, 3.1964809894, 3.2942326068, 3.2942326068, 3.2844574451)
00:01:48.212 -> (3.2453567981, 3.1524927616, 3.1867058277, 3.2893450260, 3.2991201877, 3.2795698642)
00:01:48.663 -> (3.2404692173, 3.1231670379, 3.1818182468, 3.2893450260, 3.2746822834, 3.2795698642)
00:01:49.114 -> (3.2355816364, 3.1182794570, 3.1769306659, 3.2844574451, 3.2746822834, 3.2600195407)
00:01:49.564 -> (3.2404692173, 3.1280546188, 3.1427175998, 3.2844574451, 3.2893450260, 3.2746822834)
00:01:50.015 -> (3.2404692173, 3.1622679233, 3.1818182468, 3.2795698642, 3.2942326068, 3.2746822834)
00:01:50.466 -> (3.2306940555, 3.1622679233, 3.1818182468, 3.2844574451, 3.2991201877, 3.2795698642)
00:01:50.916 -> (3.2306940555, 3.1818182468, 3.1818182468, 3.2893450260, 3.3040077686, 3.2795698642)
00:01:51.367 -> (3.2404692173, 3.1818182468, 3.1867058277, 3.2942326068, 3.3137829303, 3.2746822834)
00:01:51.817 -> (3.2502443790, 3.2160313129, 3.2062561511, 3.2893450260, 3.3333332538, 3.2844574451)
00:01:52.268 -> (3.2404692173, 3.1964809894, 3.1915934085, 3.2991201877, 3.3333332538, 3.2844574451)
00:01:52.719 -> (3.2649071216, 3.1915934085, 3.2209188938, 3.2991201877, 3.3137829303, 3.2893450260)
00:01:53.170 -> (3.2551319599, 3.1622679233, 3.1964809894, 3.2942326068, 3.3088953495, 3.2893450260)
00:01:53.620 -> (3.2502443790, 3.1622679233, 3.1964809894, 3.2991201877, 3.3040077686, 3.2844574451)
00:01:54.071 -> (3.2453567981, 3.1573803424, 3.1964809894, 3.2942326068, 3.2991201877, 3.2893450260)
00:01:54.522 -> (3.2453567981, 3.1524927616, 3.1915934085, 3.2893450260, 3.2942326068, 3.2795698642)
00:01:54.972 -> (3.2453567981, 3.1573803424, 3.1915934085, 3.2893450260, 3.2893450260, 3.2795698642)
00:01:55.423 -> (3.2355816364, 3.1231670379, 3.2013685703, 3.2844574451, 3.2795698642, 3.2795698642)
00:01:55.873 -> (3.2355816364, 3.1280546188, 3.2306940555, 3.2697947025, 3.2795698642, 3.2746822834)
00:01:56.324 -> (3.2209188938, 3.1622679233, 3.1915934085, 3.2844574451, 3.2795698642, 3.2746822834)
00:01:56.775 -> (3.2355816364, 3.1622679233, 3.1964809894, 3.2844574451, 3.2991201877, 3.2746822834)
00:01:57.226 -> (3.2355816364, 3.1622679233, 3.1915934085, 3.2844574451, 3.3040077686, 3.2795698642)
00:01:57.677 -> (3.2355816364, 3.1671555042, 3.1915934085, 3.2893450260, 3.3088953495, 3.2795698642)
00:01:58.127 -> (3.2404692173, 3.1720430850, 3.1915934085, 3.2844574451, 3.3088953495, 3.2795698642)
00:01:58.578 -> (3.2355816364, 3.2013685703, 3.1915934085, 3.2942326068, 3.3382208347, 3.2844574451)
00:01:59.028 -> (3.2404692173, 3.1964809894, 3.1964809894, 3.2942326068, 3.3284456729, 3.2893450260)
00:01:59.479 -> (3.2306940555, 3.1720430850, 3.2013685703, 3.2942326068, 3.3186705112, 3.2991201877)
00:01:59.929 -> (3.2404692173, 3.1622679233, 3.1964809894, 3.3040077686, 3.3186705112, 3.2844574451)
00:02:00.380 -> (3.2404692173, 3.1524927616, 3.1818182468, 3.2942326068, 3.3088953495, 3.2893450260)
00:02:00.830 -> (3.2551319599, 3.1476051807, 3.1867058277, 3.2893450260, 3.2991201877, 3.2844574451)
00:02:01.282 -> (3.2453567981, 3.1427175998, 3.1915934085, 3.2942326068, 3.2942326068, 3.2844574451)
00:02:01.733 -> (3.2404692173, 3.1524927616, 3.1818182468, 3.2942326068, 3.2991201877, 3.2844574451)
00:02:02.183 -> (3.2453567981, 3.1329424381, 3.1818182468, 3.2893450260, 3.2795698642, 3.2795698642)
00:02:02.634 -> (3.2306940555, 3.1329424381, 3.2160313129, 3.2942326068, 3.2893450260, 3.2649071216)
00:02:03.084 -> (3.2453567981, 3.1573803424, 3.1915934085, 3.2844574451, 3.2795698642, 3.2746822834)
00:02:03.535 -> (3.2355816364, 3.1573803424, 3.1818182468, 3.2844574451, 3.2991201877, 3.2795698642)
00:02:03.985 -> (3.2404692173, 3.1671555042, 3.1867058277, 3.2844574451, 3.2991201877, 3.2697947025)
00:02:04.436 -> (3.2355816364, 3.1671555042, 3.1915934085, 3.2844574451, 3.3088953495, 3.2746822834)
00:02:04.887 -> (3.2355816364, 3.1720430850, 3.1915934085, 3.2893450260, 3.3137829303, 3.2844574451)
00:02:05.338 -> (3.2404692173, 3.2111437320, 3.1671555042, 3.2991201877, 3.3333332538, 3.2893450260)
00:02:05.789 -> (3.2502443790, 3.1964809894, 3.2160313129, 3.2942326068, 3.3333332538, 3.2893450260)
00:02:06.239 -> (3.2551319599, 3.1915934085, 3.1280546188, 3.3088953495, 3.3137829303, 3.2893450260)
00:02:06.690 -> (3.2453567981, 3.1769306659, 3.2160313129, 3.2991201877, 3.3137829303, 3.2893450260)
00:02:07.140 -> (3.2404692173, 3.1622679233, 3.1964809894, 3.2942326068, 3.3088953495, 3.2893450260)
00:02:07.591 -> (3.2502443790, 3.1476051807, 3.1964809894, 3.2942326068, 3.3088953495, 3.2844574451)
00:02:08.041 -> (3.2404692173, 3.1427175998, 3.1915934085, 3.2893450260, 3.3040077686, 3.2844574451)
00:02:08.492 -> (3.2404692173, 3.1524927616, 3.1964809894, 3.2942326068, 3.2991201877, 3.2844574451)
00:02:08.943 -> (3.2453567981, 3.1280546188, 3.1818182468, 3.2844574451, 3.2844574451, 3.2746822834)
00:02:09.393 -> (3.2404692173, 3.1280546188, 3.1867058277, 3.2893450260, 3.2795698642, 3.2697947025)
00:02:09.845 -> (3.2453567981, 3.1280546188, 3.2111437320, 3.2893450260, 3.2844574451, 3.2795698642)
00:02:10.295 -> (3.2355816364, 3.1671555042, 3.1769306659, 3.2795698642, 3.3040077686, 3.2746822834)
00:02:10.746 -> (3.2355816364, 3.1622679233, 3.1867058277, 3.2795698642, 3.3040077686, 3.2795698642)
00:02:11.196 -> (3.2404692173, 3.1720430850, 3.1867058277, 3.2844574451, 3.3040077686, 3.2844574451)
00:02:11.647 -> (3.2355816364, 3.1769306659, 3.1915934085, 3.2893450260, 3.3088953495, 3.2844574451)
00:02:12.098 -> (3.2404692173, 3.1769306659, 3.2013685703, 3.2844574451, 3.3284456729, 3.2942326068)
00:02:12.548 -> (3.2502443790, 3.2062561511, 3.2013685703, 3.2991201877, 3.3382208347, 3.2844574451)
00:02:12.999 -> (3.2502443790, 3.2062561511, 3.1867058277, 3.2942326068, 3.3284456729, 3.2844574451)
00:02:13.449 -> (3.2404692173, 3.1671555042, 3.1818182468, 3.3040077686, 3.3235580921, 3.2942326068)
00:02:13.901 -> (3.2502443790, 3.1818182468, 3.2062561511, 3.2942326068, 3.3186705112, 3.2893450260)
00:02:14.351 -> (3.2502443790, 3.1622679233, 3.1964809894, 3.2942326068, 3.3040077686, 3.2893450260)
00:02:14.802 -> (3.2502443790, 3.1573803424, 3.1964809894, 3.2893450260, 3.3040077686, 3.2942326068)
00:02:15.252 -> (3.2453567981, 3.1524927616, 3.1964809894, 3.2942326068, 3.2942326068, 3.2893450260)
00:02:15.703 -> (3.2404692173, 3.1476051807, 3.1867058277, 3.2893450260, 3.2942326068, 3.2844574451)
00:02:16.154 -> (3.2453567981, 3.1524927616, 3.1915934085, 3.2893450260, 3.2844574451, 3.2844574451)
00:02:16.604 -> (3.2355816364, 3.1329424381, 3.1769306659, 3.2844574451, 3.2844574451, 3.2844574451)
00:02:17.055 -> (3.2258064746, 3.1182794570, 3.1769306659, 3.2942326068, 3.2844574451, 3.2942326068)
00:02:17.505 -> (3.2258064746, 3.1573803424, 3.2355816364, 3.2844574451, 3.2844574451, 3.2697947025)
00:02:17.957 -> (3.2355816364, 3.1378300189, 3.1867058277, 3.2844574451, 3.2991201877, 3.2795698642)
00:02:18.407 -> (3.2404692173, 3.1622679233, 3.1915934085, 3.2844574451, 3.2991201877, 3.2795698642)
00:02:18.858 -> (3.2404692173, 3.1622679233, 3.1915934085, 3.2844574451, 3.2991201877, 3.2844574451)
00:02:19.309 -> (3.2355816364, 3.1622679233, 3.1964809894, 3.2893450260, 3.2991201877, 3.2844574451)
00:02:19.759 -> (3.2404692173, 3.1671555042, 3.1915934085, 3.2844574451, 3.3040077686, 3.2795698642)
00:02:20.210 -> (3.2502443790, 3.1964809894, 3.1867058277, 3.2844574451, 3.3186705112, 3.2893450260)
00:02:20.660 -> (3.2404692173, 3.1915934085, 3.2013685703, 3.2942326068, 3.3235580921, 3.2942326068)
00:02:21.111 -> (3.2502443790, 3.1915934085, 3.2111437320, 3.3088953495, 3.3186705112, 3.2991201877)
00:02:21.561 -> (3.2306940555, 3.1769306659, 3.1427175998, 3.2795698642, 3.3186705112, 3.2942326068)
00:02:22.013 -> (3.2404692173, 3.1622679233, 3.1622679233, 3.2893450260, 3.3040077686, 3.2942326068)
00:02:22.464 -> (3.2502443790, 3.1524927616, 3.1964809894, 3.2991201877, 3.2991201877, 3.2893450260)
00:02:22.914 -> (3.2453567981, 3.1524927616, 3.1964809894, 3.2893450260, 3.2942326068, 3.2942326068)
00:02:23.365 -> (3.2502443790, 3.1476051807, 3.1964809894, 3.2942326068, 3.2893450260, 3.2893450260)
00:02:23.815 -> (3.2404692173, 3.1427175998, 3.1915934085, 3.2893450260, 3.2893450260, 3.2844574451)
00:02:24.266 -> (3.2453567981, 3.1427175998, 3.1964809894, 3.2893450260, 3.2795698642, 3.2844574451)
00:02:24.716 -> (3.2453567981, 3.1280546188, 3.1867058277, 3.2844574451, 3.2746822834, 3.2795698642)
00:02:25.167 -> (3.2404692173, 3.1280546188, 3.1867058277, 3.2795698642, 3.2746822834, 3.2844574451)
00:02:25.617 -> (3.2453567981, 3.1280546188, 3.2209188938, 3.2991201877, 3.2893450260, 3.2893450260)
00:02:26.069 -> (3.2355816364, 3.1427175998, 3.2013685703, 3.2893450260, 3.2844574451, 3.2795698642)
00:02:26.520 -> (3.2502443790, 3.1524927616, 3.1915934085, 3.2795698642, 3.2942326068, 3.2746822834)
00:02:26.970 -> (3.2502443790, 3.1573803424, 3.1867058277, 3.2795698642, 3.2942326068, 3.2795698642)
00:02:27.421 -> (3.2453567981, 3.1573803424, 3.1915934085, 3.2844574451, 3.2991201877, 3.2795698642)
00:02:27.871 -> (3.2453567981, 3.1671555042, 3.1964809894, 3.2844574451, 3.3040077686, 3.2795698642)
00:02:28.322 -> (3.2453567981, 3.1720430850, 3.2013685703, 3.2844574451, 3.3088953495, 3.2893450260)
00:02:28.772 -> (3.2502443790, 3.1964809894, 3.2209188938, 3.2942326068, 3.3333332538, 3.2893450260)
00:02:29.223 -> (3.2502443790, 3.1964809894, 3.1964809894, 3.2942326068, 3.3235580921, 3.2991201877)
00:02:29.673 -> (3.2551319599, 3.1964809894, 3.1915934085, 3.2893450260, 3.3186705112, 3.2942326068)
00:02:30.125 -> (3.2600195407, 3.1818182468, 3.2600195407, 3.2991201877, 3.3186705112, 3.2893450260)
00:02:30.576 -> (3.2551319599, 3.1622679233, 3.2062561511, 3.2942326068, 3.3040077686, 3.2942326068)
00:02:31.026 -> (3.2551319599, 3.1524927616, 3.2013685703, 3.2942326068, 3.3088953495, 3.2942326068)
00:02:31.477 -> (3.2502443790, 3.1378300189, 3.2013685703, 3.2942326068, 3.2991201877, 3.2893450260)
00:02:31.927 -> (3.2551319599, 3.1329424381, 3.2062561511, 3.2844574451, 3.2893450260, 3.2942326068)
00:02:32.378 -> (3.2502443790, 3.1231670379, 3.1964809894, 3.2844574451, 3.2942326068, 3.2893450260)
00:02:32.828 -> (3.2453567981, 3.1329424381, 3.1964809894, 3.2844574451, 3.2795698642, 3.2795698642)
00:02:33.279 -> (3.2453567981, 3.1182794570, 3.2062561511, 3.2844574451, 3.2746822834, 3.2893450260)
00:02:33.730 -> (3.2404692173, 3.1231670379, 3.1915934085, 3.2795698642, 3.2697947025, 3.2795698642)
00:02:34.180 -> (3.2258064746, 3.1231670379, 3.2160313129, 3.2893450260, 3.2844574451, 3.2844574451)
00:02:34.632 -> (3.2502443790, 3.1329424381, 3.1720430850, 3.2746822834, 3.2991201877, 3.2746822834)
00:02:35.082 -> (3.2404692173, 3.1524927616, 3.1964809894, 3.2844574451, 3.2991201877, 3.2844574451)
00:02:35.533 -> (3.2355816364, 3.1524927616, 3.1915934085, 3.2844574451, 3.2942326068, 3.2795698642)
00:02:35.983 -> (3.2453567981, 3.1622679233, 3.2013685703, 3.2893450260, 3.2991201877, 3.2844574451)
00:02:36.434 -> (3.2453567981, 3.1671555042, 3.2013685703, 3.2844574451, 3.3088953495, 3.2893450260)
00:02:36.884 -> (3.2502443790, 3.1818182468, 3.2013685703, 3.2844574451, 3.3235580921, 3.2844574451)
00:02:37.335 -> (3.2502443790, 3.2062561511, 3.2062561511, 3.2991201877, 3.3235580921, 3.2942326068)
00:02:37.786 -> (3.2453567981, 3.1915934085, 3.2111437320, 3.2991201877, 3.3333332538, 3.2991201877)
00:02:38.236 -> (3.2502443790, 3.1867058277, 3.2209188938, 3.2746822834, 3.3137829303, 3.2844574451)
00:02:38.688 -> (3.2649071216, 3.1573803424, 3.2062561511, 3.2991201877, 3.3088953495, 3.2893450260)
00:02:39.138 -> (3.2404692173, 3.1427175998, 3.2013685703, 3.2942326068, 3.3040077686, 3.2942326068)
00:02:39.589 -> (3.2551319599, 3.1231670379, 3.2062561511, 3.2942326068, 3.3040077686, 3.2942326068)
00:02:40.039 -> (3.2502443790, 3.1231670379, 3.2013685703, 3.2893450260, 3.2991201877, 3.2893450260)
00:02:40.490 -> (3.2551319599, 3.1036167144, 3.2111437320, 3.2893450260, 3.2893450260, 3.2893450260)
00:02:40.941 -> (3.2551319599, 3.1036167144, 3.2062561511, 3.2844574451, 3.2942326068, 3.2942326068)
00:02:41.391 -> (3.2502443790, 3.1085042953, 3.2062561511, 3.2795698642, 3.2746822834, 3.2893450260)
00:02:41.842 -> (3.2453567981, 3.1280546188, 3.2013685703, 3.2893450260, 3.2795698642, 3.2844574451)
00:02:42.292 -> (3.2453567981, 3.1182794570, 3.2062561511, 3.2844574451, 3.2649071216, 3.2942326068)
00:02:42.743 -> (3.2355816364, 3.1280546188, 3.1769306659, 3.2697947025, 3.2991201877, 3.2893450260)
00:02:43.194 -> (3.2306940555, 3.1476051807, 3.1867058277, 3.2844574451, 3.2893450260, 3.2795698642)
00:02:43.645 -> (3.2453567981, 3.1671555042, 3.2062561511, 3.2844574451, 3.2942326068, 3.2893450260)
00:02:44.096 -> (3.2453567981, 3.1671555042, 3.2062561511, 3.2844574451, 3.2991201877, 3.2844574451)
00:02:44.546 -> (3.2404692173, 3.1671555042, 3.2111437320, 3.2893450260, 3.2991201877, 3.2844574451)
00:02:44.997 -> (3.2453567981, 3.1769306659, 3.2111437320, 3.2844574451, 3.3088953495, 3.2844574451)
00:02:45.447 -> (3.2502443790, 3.1818182468, 3.2160313129, 3.2844574451, 3.3137829303, 3.2893450260)
00:02:45.898 -> (3.2551319599, 3.2111437320, 3.2209188938, 3.2893450260, 3.3284456729, 3.2942326068)
00:02:46.348 -> (3.2600195407, 3.2111437320, 3.2258064746, 3.2942326068, 3.3235580921, 3.2893450260)
00:02:46.799 -> (3.2600195407, 3.2062561511, 3.2209188938, 3.2893450260, 3.3235580921, 3.2991201877)
00:02:47.250 -> (3.2453567981, 3.2160313129, 3.2551319599, 3.3040077686, 3.3088953495, 3.2844574451)
00:02:47.701 -> (3.2404692173, 3.1964809894, 3.2013685703, 3.2844574451, 3.3137829303, 3.2991201877)
00:02:48.152 -> (3.2453567981, 3.1671555042, 3.2062561511, 3.2942326068, 3.3040077686, 3.2942326068)
00:02:48.602 -> (3.2551319599, 3.1573803424, 3.2160313129, 3.2893450260, 3.3040077686, 3.2942326068)
00:02:49.053 -> (3.2551319599, 3.1573803424, 3.2111437320, 3.2893450260, 3.3040077686, 3.2893450260)
00:02:49.503 -> (3.2502443790, 3.1427175998, 3.2062561511, 3.2942326068, 3.3040077686, 3.2893450260)
00:02:49.954 -> (3.2502443790, 3.1378300189, 3.2111437320, 3.2893450260, 3.2991201877, 3.2893450260)
00:02:50.404 -> (3.2551319599, 3.1476051807, 3.2013685703, 3.2844574451, 3.2893450260, 3.2893450260)
00:02:50.855 -> (3.2502443790, 3.1231670379, 3.2062561511, 3.2844574451, 3.2844574451, 3.2893450260)
00:02:51.305 -> (3.2404692173, 3.1329424381, 3.2013685703, 3.2795698642, 3.2795698642, 3.2795698642)
00:02:51.756 -> (3.2209188938, 3.1231670379, 3.1524927616, 3.2697947025, 3.3040077686, 3.2746822834)
00:02:52.208 -> (3.2404692173, 3.1622679233, 3.2111437320, 3.2795698642, 3.2991201877, 3.2844574451)
00:02:52.658 -> (3.2502443790, 3.1524927616, 3.2111437320, 3.2795698642, 3.3040077686, 3.2844574451)
00:02:53.109 -> (3.2502443790, 3.1622679233, 3.2062561511, 3.2844574451, 3.3040077686, 3.2844574451)
00:02:53.559 -> (3.2453567981, 3.1720430850, 3.2062561511, 3.2844574451, 3.3088953495, 3.2844574451)
00:02:54.010 -> (3.2453567981, 3.1671555042, 3.2062561511, 3.2844574451, 3.3137829303, 3.2893450260)
00:02:54.460 -> (3.2502443790, 3.1818182468, 3.2111437320, 3.2893450260, 3.3284456729, 3.2893450260)
00:02:54.911 -> (3.2404692173, 3.2160313129, 3.2209188938, 3.2942326068, 3.3382208347, 3.2991201877)
00:02:55.362 -> (3.2502443790, 3.2111437320, 3.2111437320, 3.2942326068, 3.3333332538, 3.2893450260)
00:02:55.812 -> (3.2600195407, 3.2160313129, 3.2209188938, 3.3040077686, 3.3382208347, 3.2942326068)
00:02:56.264 -> (3.2649071216, 3.2160313129, 3.1622679233, 3.2795698642, 3.3186705112, 3.2893450260)
00:02:56.714 -> (3.2600195407, 3.1818182468, 3.2160313129, 3.2942326068, 3.3040077686, 3.2942326068)
00:02:57.165 -> (3.2502443790, 3.1818182468, 3.2160313129, 3.2942326068, 3.3137829303, 3.2991201877)
00:02:57.615 -> (3.2551319599, 3.1671555042, 3.2062561511, 3.2942326068, 3.3137829303, 3.2942326068)
00:02:58.066 -> (3.2600195407, 3.1671555042, 3.2111437320, 3.2942326068, 3.3088953495, 3.2893450260)
00:02:58.516 -> (3.2551319599, 3.1622679233, 3.2111437320, 3.2942326068, 3.3040077686, 3.2893450260)
00:02:58.967 -> (3.2502443790, 3.1671555042, 3.2111437320, 3.2893450260, 3.2942326068, 3.2893450260)
00:02:59.418 -> (3.2502443790, 3.1476051807, 3.2013685703, 3.2795698642, 3.2893450260, 3.2893450260)
00:02:59.868 -> (3.2404692173, 3.1524927616, 3.2062561511, 3.2844574451, 3.2844574451, 3.2893450260)
00:03:00.319 -> (3.2404692173, 3.1720430850, 3.2453567981, 3.2942326068, 3.2795698642, 3.2746822834)
00:03:00.770 -> (3.2355816364, 3.1671555042, 3.2013685703, 3.2893450260, 3.2991201877, 3.2893450260)
00:03:01.221 -> (3.2404692173, 3.1769306659, 3.2062561511, 3.2844574451, 3.3040077686, 3.2844574451)
00:03:01.671 -> (3.2404692173, 3.1818182468, 3.2111437320, 3.2844574451, 3.3040077686, 3.2844574451)
00:03:02.122 -> (3.2453567981, 3.1818182468, 3.2062561511, 3.2844574451, 3.3088953495, 3.2942326068)
00:03:02.573 -> (3.2453567981, 3.1867058277, 3.2111437320, 3.2844574451, 3.3137829303, 3.2893450260)
00:03:03.023 -> (3.2453567981, 3.2013685703, 3.2209188938, 3.2893450260, 3.3284456729, 3.2893450260)
00:03:03.474 -> (3.2502443790, 3.2209188938, 3.2160313129, 3.2991201877, 3.3235580921, 3.2942326068)
00:03:03.924 -> (3.2551319599, 3.2258064746, 3.2306940555, 3.2893450260, 3.3333332538, 3.3040077686)
00:03:04.375 -> (3.2600195407, 3.2013685703, 3.2502443790, 3.3088953495, 3.3235580921, 3.2942326068)
00:03:04.825 -> (3.2551319599, 3.1964809894, 3.2062561511, 3.2942326068, 3.3040077686, 3.2942326068)
00:03:05.277 -> (3.2600195407, 3.1915934085, 3.2160313129, 3.2942326068, 3.3040077686, 3.2991201877)
00:03:05.728 -> (3.2502443790, 3.1915934085, 3.2258064746, 3.2942326068, 3.3040077686, 3.2942326068)
00:03:06.178 -> (3.2502443790, 3.1915934085, 3.2160313129, 3.2942326068, 3.2991201877, 3.2893450260)
00:03:06.629 -> (3.2551319599, 3.1867058277, 3.2111437320, 3.2844574451, 3.2991201877, 3.2942326068)
00:03:07.079 -> (3.2551319599, 3.1671555042, 3.2306940555, 3.2844574451, 3.2844574451, 3.2893450260)
00:03:07.530 -> (3.2453567981, 3.1769306659, 3.2062561511, 3.2844574451, 3.2795698642, 3.2893450260)
00:03:07.980 -> (3.2502443790, 3.1622679233, 3.2013685703, 3.2844574451, 3.2991201877, 3.2795698642)
00:03:08.431 -> (3.2209188938, 3.1818182468, 3.1915934085, 3.2893450260, 3.2942326068, 3.2795698642)
00:03:08.881 -> (3.2453567981, 3.2013685703, 3.2062561511, 3.2844574451, 3.3088953495, 3.2893450260)
00:03:09.332 -> (3.2404692173, 3.2062561511, 3.2111437320, 3.2795698642, 3.3137829303, 3.2844574451)
00:03:09.783 -> (3.2453567981, 3.2062561511, 3.2062561511, 3.2893450260, 3.3186705112, 3.2942326068)
00:03:10.234 -> (3.2453567981, 3.2111437320, 3.2111437320, 3.2844574451, 3.3235580921, 3.2942326068)
00:03:10.685 -> (3.2453567981, 3.2355816364, 3.2209188938, 3.2893450260, 3.3479959964, 3.2893450260)
00:03:11.135 -> (3.2502443790, 3.2355816364, 3.2160313129, 3.2942326068, 3.3479959964, 3.2991201877)
00:03:11.586 -> (3.2502443790, 3.2160313129, 3.1818182468, 3.2942326068, 3.3333332538, 3.3040077686)
00:03:12.036 -> (3.2600195407, 3.2062561511, 3.2355816364, 3.2991201877, 3.3137829303, 3.2991201877)
00:03:12.487 -> (3.2551319599, 3.1867058277, 3.2209188938, 3.2942326068, 3.3186705112, 3.2942326068)
00:03:12.937 -> (3.2551319599, 3.1818182468, 3.2209188938, 3.2942326068, 3.3186705112, 3.2991201877)
00:03:13.388 -> (3.2502443790, 3.1720430850, 3.2209188938, 3.2942326068, 3.3137829303, 3.2991201877)
00:03:13.839 -> (3.2502443790, 3.1720430850, 3.2160313129, 3.2893450260, 3.3040077686, 3.2991201877)
00:03:14.290 -> (3.2502443790, 3.1427175998, 3.2209188938, 3.2844574451, 3.2893450260, 3.2844574451)
00:03:14.741 -> (3.2453567981, 3.1476051807, 3.2013685703, 3.2795698642, 3.2844574451, 3.2893450260)
00:03:15.191 -> (3.2551319599, 3.1671555042, 3.2306940555, 3.2746822834, 3.2942326068, 3.2795698642)
00:03:15.642 -> (3.2404692173, 3.1573803424, 3.2306940555, 3.2795698642, 3.3040077686, 3.2893450260)
00:03:16.092 -> (3.2453567981, 3.1769306659, 3.2160313129, 3.2795698642, 3.3137829303, 3.2893450260)
00:03:16.543 -> (3.2453567981, 3.1769306659, 3.2111437320, 3.2844574451, 3.3186705112, 3.2893450260)
00:03:16.994 -> (3.2502443790, 3.1867058277, 3.2258064746, 3.2844574451, 3.3186705112, 3.2942326068)
00:03:17.444 -> (3.2600195407, 3.2160313129, 3.2306940555, 3.2942326068, 3.3479959964, 3.2991201877)
00:03:17.895 -> (3.2453567981, 3.2111437320, 3.2306940555, 3.2942326068, 3.3382208347, 3.2991201877)
00:03:18.345 -> (3.2697947025, 3.2209188938, 3.2502443790, 3.3040077686, 3.3382208347, 3.2991201877)
00:03:18.797 -> (3.2502443790, 3.1867058277, 3.2404692173, 3.2942326068, 3.3186705112, 3.2991201877)
00:03:19.247 -> (3.2600195407, 3.1720430850, 3.2258064746, 3.2893450260, 3.3137829303, 3.2991201877)
00:03:19.698 -> (3.2551319599, 3.1622679233, 3.2160313129, 3.2893450260, 3.3088953495, 3.2991201877)
00:03:20.148 -> (3.2502443790, 3.1524927616, 3.2209188938, 3.2942326068, 3.3088953495, 3.2942326068)
00:03:20.599 -> (3.2502443790, 3.1573803424, 3.2209188938, 3.2893450260, 3.3040077686, 3.2893450260)
00:03:21.050 -> (3.2404692173, 3.1378300189, 3.2111437320, 3.2893450260, 3.2893450260, 3.2893450260)
00:03:21.500 -> (3.2453567981, 3.1427175998, 3.2013685703, 3.2697947025, 3.3088953495, 3.2942326068)
00:03:21.951 -> (3.2306940555, 3.1622679233, 3.1867058277, 3.2795698642, 3.2893450260, 3.2844574451)
00:03:22.401 -> (3.2453567981, 3.1720430850, 3.2160313129, 3.2844574451, 3.3088953495, 3.2893450260)
00:03:22.852 -> (3.2404692173, 3.1818182468, 3.2160313129, 3.2844574451, 3.3186705112, 3.2844574451)
00:03:23.303 -> (3.2453567981, 3.1818182468, 3.2209188938, 3.2844574451, 3.3186705112, 3.2893450260)
00:03:23.754 -> (3.2502443790, 3.1964809894, 3.2160313129, 3.2942326068, 3.3333332538, 3.2893450260)
00:03:24.205 -> (3.2551319599, 3.2209188938, 3.2306940555, 3.2844574451, 3.3382208347, 3.2942326068)
00:03:24.655 -> (3.2551319599, 3.2209188938, 3.2355816364, 3.3088953495, 3.3577711582, 3.2942326068)
00:03:25.106 -> (3.2453567981, 3.2062561511, 3.2209188938, 3.2942326068, 3.3284456729, 3.3040077686)
00:03:25.556 -> (3.2502443790, 3.1818182468, 3.2160313129, 3.2942326068, 3.3186705112, 3.3040077686)
00:03:26.007 -> (3.2502443790, 3.1720430850, 3.2209188938, 3.2942326068, 3.3088953495, 3.3040077686)
00:03:26.457 -> (3.2502443790, 3.1671555042, 3.2111437320, 3.2893450260, 3.3088953495, 3.2991201877)
00:03:26.908 -> (3.2404692173, 3.1671555042, 3.2111437320, 3.2942326068, 3.3088953495, 3.2942326068)
00:03:27.358 -> (3.2502443790, 3.1524927616, 3.2160313129, 3.2844574451, 3.2893450260, 3.2893450260)
00:03:27.810 -> (3.2404692173, 3.1573803424, 3.2453567981, 3.2991201877, 3.2942326068, 3.2893450260)
00:03:28.261 -> (3.2453567981, 3.1671555042, 3.2111437320, 3.2844574451, 3.2942326068, 3.2795698642)
00:03:28.711 -> (3.2404692173, 3.1964809894, 3.2062561511, 3.2795698642, 3.3088953495, 3.2893450260)
00:03:29.162 -> (3.2404692173, 3.2013685703, 3.2160313129, 3.2844574451, 3.3137829303, 3.2893450260)
00:03:29.612 -> (3.2453567981, 3.1964809894, 3.2160313129, 3.2893450260, 3.3137829303, 3.2942326068)
00:03:30.063 -> (3.2453567981, 3.2013685703, 3.2111437320, 3.2893450260, 3.3186705112, 3.2991201877)
00:03:30.513 -> (3.2551319599, 3.2258064746, 3.2013685703, 3.2942326068, 3.3382208347, 3.3040077686)
00:03:30.964 -> (3.2551319599, 3.2258064746, 3.2013685703, 3.2991201877, 3.3382208347, 3.3040077686)
00:03:31.415 -> (3.2404692173, 3.1818182468, 3.1671555042, 3.2991201877, 3.3284456729, 3.2942326068)
00:03:31.865 -> (3.2551319599, 3.1915934085, 3.2160313129, 3.2942326068, 3.3235580921, 3.2991201877)
00:03:32.317 -> (3.2551319599, 3.1818182468, 3.2160313129, 3.2942326068, 3.3186705112, 3.2991201877)
00:03:32.767 -> (3.2453567981, 3.1818182468, 3.2160313129, 3.2942326068, 3.3137829303, 3.2991201877)
00:03:33.218 -> (3.2502443790, 3.1769306659, 3.2209188938, 3.2893450260, 3.3040077686, 3.2991201877)
00:03:33.668 -> (3.2502443790, 3.1671555042, 3.2209188938, 3.2893450260, 3.3040077686, 3.2991201877)
00:03:34.119 -> (3.2551319599, 3.1476051807, 3.2160313129, 3.2844574451, 3.2844574451, 3.2893450260)
00:03:34.569 -> (3.2404692173, 3.1476051807, 3.2160313129, 3.2844574451, 3.2844574451, 3.2893450260)
00:03:35.020 -> (3.2404692173, 3.1573803424, 3.2258064746, 3.2697947025, 3.2991201877, 3.2942326068)
00:03:35.471 -> (3.2502443790, 3.1720430850, 3.2453567981, 3.2795698642, 3.2942326068, 3.2844574451)
00:03:35.921 -> (3.2404692173, 3.1671555042, 3.2306940555, 3.2893450260, 3.3040077686, 3.2893450260)
00:03:36.372 -> (3.2404692173, 3.1867058277, 3.2258064746, 3.2844574451, 3.3088953495, 3.2893450260)
00:03:36.823 -> (3.2502443790, 3.1818182468, 3.2160313129, 3.2844574451, 3.3088953495, 3.2942326068)
00:03:37.274 -> (3.2453567981, 3.1867058277, 3.2160313129, 3.2893450260, 3.3137829303, 3.2942326068)
00:03:37.724 -> (3.2404692173, 3.1964809894, 3.2209188938, 3.2893450260, 3.4310851097, 3.2991201877)
00:03:38.175 -> (3.2404692173, 3.2209188938, 3.2209188938, 3.2893450260, 3.4897360801, 3.3040077686)
00:03:38.626 -> (3.2404692173, 3.2160313129, 3.2160313129, 3.2991201877, 3.5141739845, 3.2991201877)
00:03:39.076 -> (3.2551319599, 3.2209188938, 3.2306940555, 3.3088953495, 3.4946236610, 3.3040077686)
00:03:39.527 -> (3.2649071216, 3.2013685703, 3.2355816364, 3.2893450260, 3.4310851097, 3.2991201877)
00:03:39.977 -> (3.2551319599, 3.1769306659, 3.1915934085, 3.2991201877, 3.4017596244, 3.2991201877)
00:03:40.428 -> (3.2502443790, 3.1769306659, 3.2258064746, 3.2942326068, 3.4066472053, 3.2991201877)
00:03:40.878 -> (3.2502443790, 3.1769306659, 3.2160313129, 3.2942326068, 3.4310851097, 3.2991201877)
00:03:41.330 -> (3.2502443790, 3.1671555042, 3.2209188938, 3.2991201877, 3.4408602714, 3.2991201877)
00:03:41.780 -> (3.2502443790, 3.1671555042, 3.2209188938, 3.2942326068, 3.4555230140, 3.3040077686)
00:03:42.231 -> (3.2551319599, 3.1671555042, 3.2209188938, 3.2893450260, 3.4359726905, 3.2942326068)
00:03:42.682 -> (3.2404692173, 3.1378300189, 3.2111437320, 3.2893450260, 3.3919844627, 3.2942326068)
00:03:43.132 -> (3.2453567981, 3.1524927616, 3.2013685703, 3.2844574451, 3.3822093009, 3.2844574451)
00:03:43.583 -> (3.2551319599, 3.1622679233, 3.1622679233, 3.2600195407, 3.3870968818, 3.2844574451)
00:03:44.033 -> (3.2502443790, 3.1720430850, 3.2306940555, 3.2795698642, 3.3626587390, 3.2893450260)
00:03:44.484 -> (3.2453567981, 3.1622679233, 3.2209188938, 3.2844574451, 3.3724339008, 3.2893450260)
00:03:44.934 -> (3.2404692173, 3.1867058277, 3.2160313129, 3.2795698642, 3.3724339008, 3.2942326068)
00:03:45.385 -> (3.2453567981, 3.1867058277, 3.2160313129, 3.2844574451, 3.3724339008, 3.2942326068)
00:03:45.837 -> (3.2453567981, 3.1915934085, 3.2111437320, 3.2844574451, 3.3773214817, 3.2893450260)
00:03:46.287 -> (3.2453567981, 3.1915934085, 3.2160313129, 3.2893450260, 3.3773214817, 3.2991201877)
00:03:46.738 -> (3.2453567981, 3.2111437320, 3.2160313129, 3.2844574451, 3.3919844627, 3.2942326068)
00:03:47.188 -> (3.2551319599, 3.2209188938, 3.2160313129, 3.2844574451, 3.3822093009, 3.2991201877)
00:03:47.639 -> (3.2600195407, 3.2160313129, 3.2306940555, 3.3040077686, 3.3968720436, 3.2991201877)
00:03:48.089 -> (3.2355816364, 3.2160313129, 3.2649071216, 3.3137829303, 3.4017596244, 3.3088953495)
00:03:48.540 -> (3.2551319599, 3.1867058277, 3.2258064746, 3.2942326068, 3.3724339008, 3.2942326068)
00:03:48.990 -> (3.2551319599, 3.1769306659, 3.2306940555, 3.2942326068, 3.3724339008, 3.3040077686)
00:03:49.441 -> (3.2502443790, 3.1671555042, 3.2111437320, 3.2942326068, 3.3724339008, 3.2991201877)
00:03:49.893 -> (3.2453567981, 3.1769306659, 3.2209188938, 3.2942326068, 3.3675463199, 3.2991201877)
00:03:50.343 -> (3.2453567981, 3.1622679233, 3.2209188938, 3.2893450260, 3.3626587390, 3.2991201877)
00:03:50.794 -> (3.2453567981, 3.1671555042, 3.2160313129, 3.2893450260, 3.3675463199, 3.2991201877)
00:03:51.244 -> (3.2404692173, 3.1378300189, 3.2160313129, 3.2844574451, 3.3528835773, 3.2942326068)
00:03:51.695 -> (3.2502443790, 3.1378300189, 3.2111437320, 3.2893450260, 3.3528835773, 3.2893450260)
00:03:52.145 -> (3.2502443790, 3.1573803424, 3.1818182468, 3.2893450260, 3.3626587390, 3.2991201877)
00:03:52.596 -> (3.2306940555, 3.1769306659, 3.2258064746, 3.2893450260, 3.3577711582, 3.2942326068)
00:03:53.047 -> (3.2306940555, 3.1720430850, 3.2160313129, 3.2795698642, 3.3577711582, 3.2942326068)
00:03:53.497 -> (3.2453567981, 3.1818182468, 3.2160313129, 3.2795698642, 3.3577711582, 3.2893450260)
00:03:53.949 -> (3.2404692173, 3.1867058277, 3.2160313129, 3.2844574451, 3.3626587390, 3.2942326068)
00:03:54.399 -> (3.2502443790, 3.1964809894, 3.2160313129, 3.2844574451, 3.3675463199, 3.2991201877)
00:03:54.850 -> (3.2502443790, 3.2062561511, 3.2306940555, 3.2942326068, 3.3675463199, 3.2942326068)
00:03:55.300 -> (3.2404692173, 3.2355816364, 3.2306940555, 3.2942326068, 3.3773214817, 3.2991201877)
00:03:55.751 -> (3.2600195407, 3.2258064746, 3.2160313129, 3.2893450260, 3.3822093009, 3.2942326068)
00:03:56.201 -> (3.2600195407, 3.2160313129, 3.2306940555, 3.2991201877, 3.3675463199, 3.3040077686)
00:03:56.652 -> (3.2600195407, 3.2111437320, 3.2404692173, 3.2942326068, 3.3724339008, 3.3040077686)
00:03:57.103 -> (3.2551319599, 3.1915934085, 3.2306940555, 3.2893450260, 3.3577711582, 3.2991201877)
00:03:57.553 -> (3.2453567981, 3.1867058277, 3.2258064746, 3.2942326068, 3.3528835773, 3.3040077686)
00:03:58.004 -> (3.2502443790, 3.1867058277, 3.2258064746, 3.2844574451, 3.3528835773, 3.2991201877)
00:03:58.455 -> (3.2453567981, 3.1720430850, 3.2258064746, 3.2893450260, 3.3479959964, 3.2942326068)
00:03:58.906 -> (3.2502443790, 3.1769306659, 3.2209188938, 3.2942326068, 3.3479959964, 3.2893450260)
00:03:59.356 -> (3.2453567981, 3.1524927616, 3.2160313129, 3.2893450260, 3.3382208347, 3.2942326068)
00:03:59.807 -> (3.2453567981, 3.1622679233, 3.2111437320, 3.2844574451, 3.3382208347, 3.2893450260)
00:04:00.258 -> (3.2551319599, 3.1671555042, 3.2453567981, 3.2991201877, 3.3382208347, 3.2844574451)
00:04:00.708 -> (3.2306940555, 3.1867058277, 3.2111437320, 3.2893450260, 3.3382208347, 3.2844574451)
00:04:01.159 -> (3.2404692173, 3.1915934085, 3.2111437320, 3.2795698642, 3.3431084156, 3.2893450260)
00:04:01.609 -> (3.2404692173, 3.1964809894, 3.2209188938, 3.2844574451, 3.3431084156, 3.2942326068)
00:04:02.060 -> (3.2453567981, 3.2062561511, 3.2209188938, 3.2844574451, 3.3528835773, 3.2893450260)
00:04:02.510 -> (3.2453567981, 3.2062561511, 3.2209188938, 3.2893450260, 3.3626587390, 3.3040077686)
00:04:02.962 -> (3.2502443790, 3.2355816364, 3.2160313129, 3.2942326068, 3.3773214817, 3.2991201877)
00:04:03.412 -> (3.2551319599, 3.2453567981, 3.2209188938, 3.2991201877, 3.3724339008, 3.2942326068)
00:04:03.863 -> (3.2600195407, 3.2453567981, 3.1915934085, 3.3040077686, 3.3822093009, 3.3137829303)
00:04:04.314 -> (3.2697947025, 3.2160313129, 3.2013685703, 3.2942326068, 3.3675463199, 3.3088953495)
00:04:04.764 -> (3.2502443790, 3.2062561511, 3.2258064746, 3.2942326068, 3.3626587390, 3.2991201877)
00:04:05.215 -> (3.2502443790, 3.1964809894, 3.2258064746, 3.2942326068, 3.3577711582, 3.2991201877)
00:04:05.665 -> (3.2453567981, 3.1818182468, 3.2209188938, 3.2942326068, 3.3528835773, 3.3040077686)
00:04:06.116 -> (3.2453567981, 3.1769306659, 3.2160313129, 3.2942326068, 3.3528835773, 3.2942326068)
00:04:06.566 -> (3.2453567981, 3.1769306659, 3.2111437320, 3.2697947025, 3.3333332538, 3.2893450260)
00:04:07.017 -> (3.2453567981, 3.1573803424, 3.2160313129, 3.2551319599, 3.3382208347, 3.2893450260)
00:04:07.469 -> (3.2355816364, 3.1622679233, 3.2355816364, 3.2551319599, 3.3284456729, 3.2795698642)
00:04:07.919 -> (3.2502443790, 3.1818182468, 3.2306940555, 3.2600195407, 3.3382208347, 3.2893450260)
00:04:08.370 -> (3.2355816364, 3.1867058277, 3.2209188938, 3.2600195407, 3.3431084156, 3.2893450260)
00:04:08.820 -> (3.2453567981, 3.1915934085, 3.2209188938, 3.2600195407, 3.3479959964, 3.2942326068)
00:04:09.271 -> (3.2453567981, 3.1964809894, 3.2209188938, 3.2600195407, 3.3528835773, 3.2942326068)
00:04:09.721 -> (3.2404692173, 3.2013685703, 3.2258064746, 3.2600195407, 3.3528835773, 3.2942326068)
00:04:10.172 -> (3.2453567981, 3.2258064746, 3.2209188938, 3.2649071216, 3.3626587390, 3.3040077686)
00:04:10.622 -> (3.2551319599, 3.2258064746, 3.2404692173, 3.2600195407, 3.3675463199, 3.3040077686)
00:04:11.073 -> (3.2404692173, 3.2111437320, 3.1964809894, 3.2697947025, 3.3626587390, 3.3040077686)
00:04:11.524 -> (3.2404692173, 3.1964809894, 3.2062561511, 3.2600195407, 3.3577711582, 3.3040077686)
00:04:11.974 -> (3.2453567981, 3.1867058277, 3.2258064746, 3.2697947025, 3.3577711582, 3.2991201877)
00:04:12.426 -> (3.2453567981, 3.1818182468, 3.2258064746, 3.2697947025, 3.3479959964, 3.2991201877)
00:04:12.876 -> (3.2502443790, 3.1720430850, 3.2258064746, 3.2649071216, 3.3479959964, 3.2991201877)
00:04:13.327 -> (3.2502443790, 3.1769306659, 3.2209188938, 3.2600195407, 3.3431084156, 3.2991201877)
00:04:13.777 -> (3.2502443790, 3.1769306659, 3.2209188938, 3.2600195407, 3.3333332538, 3.2942326068)
00:04:14.228 -> (3.2404692173, 3.1524927616, 3.2209188938, 3.2600195407, 3.3333332538, 3.2942326068)
00:04:14.679 -> (3.2306940555, 3.1573803424, 3.2013685703, 3.2600195407, 3.3382208347, 3.2991201877)
00:04:15.129 -> (3.2355816364, 3.1671555042, 3.2062561511, 3.2600195407, 3.3479959964, 3.2893450260)
00:04:15.580 -> (3.2404692173, 3.1915934085, 3.2160313129, 3.2600195407, 3.3431084156, 3.2991201877)
00:04:16.030 -> (3.2404692173, 3.2013685703, 3.2209188938, 3.2600195407, 3.3431084156, 3.2893450260)
00:04:16.481 -> (3.2404692173, 3.2062561511, 3.2209188938, 3.2649071216, 3.3528835773, 3.2942326068)
00:04:16.932 -> (3.2453567981, 3.2160313129, 3.2258064746, 3.2649071216, 3.3528835773, 3.2942326068)
00:04:17.383 -> (3.2404692173, 3.2355816364, 3.2209188938, 3.2746822834, 3.3773214817, 3.3040077686)
00:04:17.833 -> (3.2502443790, 3.2404692173, 3.2355816364, 3.2600195407, 3.3626587390, 3.3040077686)
00:04:18.284 -> (3.2551319599, 3.2062561511, 3.2453567981, 3.2697947025, 3.3577711582, 3.2991201877)
00:04:18.735 -> (3.2502443790, 3.1867058277, 3.2355816364, 3.2697947025, 3.3528835773, 3.3040077686)
00:04:19.185 -> (3.2502443790, 3.1818182468, 3.2258064746, 3.2697947025, 3.3577711582, 3.3040077686)
00:04:19.636 -> (3.2551319599, 3.1720430850, 3.2258064746, 3.2649071216, 3.3479959964, 3.3040077686)
00:04:20.086 -> (3.2502443790, 3.1769306659, 3.2258064746, 3.2649071216, 3.3431084156, 3.2991201877)
00:04:20.537 -> (3.2355816364, 3.1573803424, 3.2209188938, 3.2551319599, 3.3333332538, 3.2893450260)
00:04:20.987 -> (3.2355816364, 3.1573803424, 3.2697947025, 3.2649071216, 3.3284456729, 3.2844574451)
00:04:21.439 -> (3.2355816364, 3.1769306659, 3.2160313129, 3.2697947025, 3.3382208347, 3.2942326068)
00:04:21.890 -> (3.2404692173, 3.2062561511, 3.2209188938, 3.2600195407, 3.3479959964, 3.2942326068)
00:04:22.340 -> (3.2404692173, 3.2062561511, 3.2258064746, 3.2600195407, 3.3479959964, 3.2893450260)
00:04:22.791 -> (3.2404692173, 3.2160313129, 3.2258064746, 3.2600195407, 3.3528835773, 3.2991201877)
00:04:23.241 -> (3.2453567981, 3.2404692173, 3.2306940555, 3.2649071216, 3.3773214817, 3.3040077686)
00:04:23.692 -> (3.2502443790, 3.2355816364, 3.2404692173, 3.2697947025, 3.3675463199, 3.3040077686)
00:04:24.142 -> (3.2600195407, 3.2160313129, 3.2502443790, 3.2502443790, 3.3626587390, 3.3088953495)
00:04:24.593 -> (3.2502443790, 3.2111437320, 3.2306940555, 3.2697947025, 3.3528835773, 3.3040077686)
00:04:25.043 -> (3.2551319599, 3.2013685703, 3.2209188938, 3.2697947025, 3.3479959964, 3.2991201877)
00:04:25.494 -> (3.2502443790, 3.1964809894, 3.2209188938, 3.2697947025, 3.3479959964, 3.3040077686)
00:04:25.945 -> (3.2502443790, 3.1915934085, 3.2258064746, 3.2649071216, 3.3431084156, 3.2991201877)
00:04:26.396 -> (3.2453567981, 3.1671555042, 3.2160313129, 3.2649071216, 3.3284456729, 3.2942326068)
00:04:26.847 -> (3.2453567981, 3.1818182468, 3.2209188938, 3.2551319599, 3.3235580921, 3.2893450260)
00:04:27.297 -> (3.2453567981, 3.2111437320, 3.1720430850, 3.2600195407, 3.3382208347, 3.2893450260)
00:04:27.748 -> (3.2404692173, 3.2160313129, 3.2209188938, 3.2600195407, 3.3431084156, 3.2942326068)
00:04:28.198 -> (3.2355816364, 3.2111437320, 3.2160313129, 3.2649071216, 3.3431084156, 3.2893450260)
00:04:28.649 -> (3.2355816364, 3.2160313129, 3.2160313129, 3.2649071216, 3.3626587390, 3.2942326068)
00:04:29.100 -> (3.2453567981, 3.2209188938, 3.2258064746, 3.2649071216, 3.3675463199, 3.2991201877)
00:04:29.550 -> (3.2453567981, 3.2502443790, 3.2355816364, 3.2746822834, 3.3822093009, 3.2991201877)
00:04:30.002 -> (3.2551319599, 3.2453567981, 3.2355816364, 3.2746822834, 3.3773214817, 3.2942326068)
00:04:30.452 -> (3.2649071216, 3.1964809894, 3.2160313129, 3.2697947025, 3.3675463199, 3.3040077686)
00:04:30.903 -> (3.2502443790, 3.1915934085, 3.2258064746, 3.2697947025, 3.3675463199, 3.3040077686)
00:04:31.353 -> (3.2502443790, 3.1915934085, 3.2306940555, 3.2746822834, 3.3675463199, 3.3040077686)
00:04:31.804 -> (3.2404692173, 3.1769306659, 3.2258064746, 3.2746822834, 3.3626587390, 3.3040077686)
00:04:32.254 -> (3.2453567981, 3.1671555042, 3.2209188938, 3.2600195407, 3.3577711582, 3.2942326068)
00:04:32.705 -> (3.2502443790, 3.1524927616, 3.2111437320, 3.2600195407, 3.3479959964, 3.2991201877)
00:04:33.156 -> (3.2404692173, 3.1573803424, 3.2160313129, 3.2649071216, 3.3382208347, 3.2942326068)
00:04:33.606 -> (3.2453567981, 3.1476051807, 3.1671555042, 3.2404692173, 3.3382208347, 3.2795698642)
00:04:34.057 -> (3.2355816364, 3.1867058277, 3.2209188938, 3.2649071216, 3.3528835773, 3.2991201877)
00:04:34.508 -> (3.2306940555, 3.1867058277, 3.2111437320, 3.2649071216, 3.3577711582, 3.2893450260)
00:04:34.959 -> (3.2404692173, 3.1964809894, 3.2111437320, 3.2649071216, 3.3675463199, 3.2893450260)
00:04:35.409 -> (3.2404692173, 3.2013685703, 3.2209188938, 3.2649071216, 3.3675463199, 3.2942326068)
00:04:35.860 -> (3.2502443790, 3.2306940555, 3.2306940555, 3.2600195407, 3.3822093009, 3.3040077686)
00:04:36.311 -> (3.2502443790, 3.2355816364, 3.2258064746, 3.2746822834, 3.3822093009, 3.3088953495)
00:04:36.761 -> (3.2600195407, 3.2258064746, 3.1964809894, 3.2795698642, 3.3773214817, 3.3088953495)
00:04:37.212 -> (3.2600195407, 3.2062561511, 3.2306940555, 3.2795698642, 3.3675463199, 3.3040077686)
00:04:37.662 -> (3.2453567981, 3.1915934085, 3.2160313129, 3.2746822834, 3.3675463199, 3.3040077686)
00:04:38.113 -> (3.2453567981, 3.1769306659, 3.2209188938, 3.2697947025, 3.3626587390, 3.3040077686)
00:04:38.563 -> (3.2404692173, 3.1769306659, 3.2209188938, 3.2697947025, 3.3528835773, 3.3040077686)
00:04:39.014 -> (3.2453567981, 3.1769306659, 3.2209188938, 3.2600195407, 3.3431084156, 3.2991201877)
00:04:39.465 -> (3.2404692173, 3.1720430850, 3.2209188938, 3.2600195407, 3.3431084156, 3.2991201877)
00:04:39.916 -> (3.2355816364, 3.1573803424, 3.1964809894, 3.2600195407, 3.3382208347, 3.2991201877)
00:04:40.367 -> (3.2306940555, 3.1867058277, 3.2111437320, 3.2600195407, 3.3528835773, 3.2893450260)
00:04:40.817 -> (3.2404692173, 3.2013685703, 3.2160313129, 3.2649071216, 3.3528835773, 3.2942326068)
00:04:41.268 -> (3.2355816364, 3.2062561511, 3.2160313129, 3.2649071216, 3.3577711582, 3.2893450260)
00:04:41.718 -> (3.2404692173, 3.2062561511, 3.2160313129, 3.2649071216, 3.3626587390, 3.2991201877)
00:04:42.169 -> (3.2355816364, 3.2306940555, 3.2160313129, 3.2649071216, 3.3675463199, 3.2942326068)
00:04:42.619 -> (3.2502443790, 3.2355816364, 3.2306940555, 3.2697947025, 3.3724339008, 3.3040077686)
00:04:43.070 -> (3.2453567981, 3.2306940555, 3.2600195407, 3.2600195407, 3.3724339008, 3.3137829303)
00:04:43.521 -> (3.2502443790, 3.2209188938, 3.2062561511, 3.2697947025, 3.3626587390, 3.2991201877)
00:04:43.972 -> (3.2404692173, 3.1964809894, 3.2258064746, 3.2746822834, 3.3528835773, 3.2991201877)
00:04:44.423 -> (3.2502443790, 3.1818182468, 3.2209188938, 3.2746822834, 3.3528835773, 3.3040077686)
00:04:44.873 -> (3.2453567981, 3.1769306659, 3.2258064746, 3.2649071216, 3.3382208347, 3.3040077686)
00:04:45.324 -> (3.2502443790, 3.1818182468, 3.2209188938, 3.2649071216, 3.3333332538, 3.2893450260)
00:04:45.774 -> (3.2404692173, 3.1524927616, 3.2209188938, 3.2600195407, 3.3382208347, 3.2893450260)
00:04:46.225 -> (3.2404692173, 3.1622679233, 3.2600195407, 3.2697947025, 3.3431084156, 3.2844574451)
00:04:46.675 -> (3.2453567981, 3.1769306659, 3.2160313129, 3.2600195407, 3.3431084156, 3.2991201877)
00:04:47.126 -> (3.2404692173, 3.2013685703, 3.2209188938, 3.2649071216, 3.3382208347, 3.2942326068)
00:04:47.577 -> (3.2355816364, 3.1818182468, 3.2209188938, 3.2600195407, 3.3479959964, 3.2942326068)
00:04:48.028 -> (3.2453567981, 3.2062561511, 3.2209188938, 3.2649071216, 3.3528835773, 3.2942326068)
00:04:48.479 -> (3.2404692173, 3.2258064746, 3.2111437320, 3.2746822834, 3.3626587390, 3.3040077686)
00:04:48.929 -> (3.2453567981, 3.2209188938, 3.2306940555, 3.2844574451, 3.3724339008, 3.3040077686)
00:04:49.380 -> (3.2404692173, 3.1915934085, 3.2404692173, 3.2844574451, 3.3724339008, 3.3088953495)
00:04:49.830 -> (3.2551319599, 3.1867058277, 3.2160313129, 3.2795698642, 3.3479959964, 3.3040077686)
00:04:50.281 -> (3.2502443790, 3.1720430850, 3.2258064746, 3.2746822834, 3.3479959964, 3.2991201877)
00:04:50.732 -> (3.2453567981, 3.1671555042, 3.2209188938, 3.2746822834, 3.3431084156, 3.3040077686)
00:04:51.182 -> (3.2502443790, 3.1573803424, 3.2258064746, 3.2697947025, 3.3382208347, 3.2991201877)
00:04:51.633 -> (3.2453567981, 3.1573803424, 3.2209188938, 3.2649071216, 3.3284456729, 3.2991201877)
00:04:52.083 -> (3.2404692173, 3.1427175998, 3.2160313129, 3.2649071216, 3.3235580921, 3.2942326068)
00:04:52.535 -> (3.2160313129, 3.1476051807, 3.1671555042, 3.2404692173, 3.3186705112, 3.2893450260)
00:04:52.985 -> (3.2453567981, 3.1671555042, 3.2306940555, 3.2649071216, 3.3382208347, 3.2942326068)
00:04:53.436 -> (3.2355816364, 3.1720430850, 3.2160313129, 3.2649071216, 3.3382208347, 3.2991201877)
00:04:53.886 -> (3.2355816364, 3.1769306659, 3.2160313129, 3.2600195407, 3.3382208347, 3.2942326068)
00:04:54.337 -> (3.2453567981, 3.1867058277, 3.2209188938, 3.2697947025, 3.3431084156, 3.2893450260)
00:04:54.788 -> (3.2453567981, 3.1867058277, 3.2258064746, 3.2649071216, 3.3577711582, 3.2991201877)
00:04:55.238 -> (3.2551319599, 3.2209188938, 3.2258064746, 3.2697947025, 3.3724339008, 3.2991201877)
00:04:55.689 -> (3.2404692173, 3.2062561511, 3.2258064746, 3.2697947025, 3.3675463199, 3.3040077686)
00:04:56.139 -> (3.2600195407, 3.2062561511, 3.2795698642, 3.2893450260, 3.3724339008, 3.3137829303)
00:04:56.591 -> (3.2453567981, 3.1867058277, 3.2209188938, 3.2844574451, 3.3626587390, 3.3040077686)
00:04:57.041 -> (3.2551319599, 3.1720430850, 3.2306940555, 3.2746822834, 3.3479959964, 3.3040077686)
00:04:57.492 -> (3.2502443790, 3.1671555042, 3.2209188938, 3.2697947025, 3.3479959964, 3.3088953495)
00:04:57.943 -> (3.2502443790, 3.1524927616, 3.2209188938, 3.2746822834, 3.3431084156, 3.2991201877)
00:04:58.393 -> (3.2453567981, 3.1476051807, 3.2160313129, 3.2746822834, 3.3431084156, 3.2942326068)
00:04:58.844 -> (3.2453567981, 3.1524927616, 3.2111437320, 3.2697947025, 3.3284456729, 3.2991201877)
00:04:59.294 -> (3.2453567981, 3.1378300189, 3.2160313129, 3.2649071216, 3.3284456729, 3.2942326068)
00:04:59.745 -> (3.2355816364, 3.1329424381, 3.1915934085, 3.2502443790, 3.3235580921, 3.2991201877)
00:05:00.195 -> (3.2209188938, 3.1769306659, 3.2355816364, 3.2551319599, 3.3284456729, 3.2942326068)
00:05:00.646 -> (3.2306940555, 3.1622679233, 3.2209188938, 3.2649071216, 3.3382208347, 3.2942326068)
00:05:01.097 -> (3.2453567981, 3.1769306659, 3.2160313129, 3.2600195407, 3.3382208347, 3.2942326068)
