00:00:00.010 -> (3.2502443790, 3.1769306659, 3.2746822834, 3.3040077686, 3.2306940555, 3.2111437320)
00:00:00.493 -> (3.2502443790, 3.1818182468, 3.2746822834, 3.3040077686, 3.2258064746, 3.2062561511)
00:00:00.944 -> (3.2551319599, 3.2111437320, 3.2893450260, 3.2942326068, 3.2453567981, 3.2111437320)
00:00:01.394 -> (3.2600195407, 3.2111437320, 3.2893450260, 3.3088953495, 3.2404692173, 3.2160313129)
00:00:01.845 -> (3.2453567981, 3.1818182468, 3.2355816364, 3.2942326068, 3.2209188938, 3.2062561511)
00:00:02.296 -> (3.2600195407, 3.1769306659, 3.2844574451, 3.3088953495, 3.2209188938, 3.2160313129)
00:00:02.747 -> (3.2551319599, 3.1622679233, 3.2795698642, 3.3088953495, 3.2160313129, 3.2160313129)
00:00:03.197 -> (3.2502443790, 3.1524927616, 3.2844574451, 3.3137829303, 3.2111437320, 3.2160313129)
00:00:03.648 -> (3.2502443790, 3.1573803424, 3.2893450260, 3.2991201877, 3.2111437320, 3.2111437320)
00:00:04.099 -> (3.2502443790, 3.1280546188, 3.2795698642, 3.2991201877, 3.1964809894, 3.2062561511)
00:00:04.549 -> (3.2453567981, 3.1329424381, 3.2649071216, 3.2991201877, 3.1964809894, 3.2062561511)
00:00:05.000 -> (3.2551319599, 3.1378300189, 3.3040077686, 3.2942326068, 3.2062561511, 3.2062561511)
00:00:05.450 -> (3.2551319599, 3.1622679233, 3.2746822834, 3.2893450260, 3.2160313129, 3.2111437320)
00:00:05.901 -> (3.2502443790, 3.1671555042, 3.2697947025, 3.2942326068, 3.2160313129, 3.2111437320)
00:00:06.352 -> (3.2453567981, 3.1769306659, 3.2746822834, 3.2942326068, 3.2209188938, 3.2111437320)
00:00:06.803 -> (3.2453567981, 3.1818182468, 3.2746822834, 3.2942326068, 3.2355816364, 3.2209188938)
00:00:07.254 -> (3.2355816364, 3.2111437320, 3.2795698642, 3.3040077686, 3.2404692173, 3.2209188938)
00:00:07.704 -> (3.2551319599, 3.2111437320, 3.2795698642, 3.3088953495, 3.2502443790, 3.2111437320)
00:00:08.155 -> (3.2649071216, 3.1818182468, 3.2502443790, 3.3040077686, 3.2355816364, 3.2209188938)
00:00:08.605 -> (3.2502443790, 3.1720430850, 3.2746822834, 3.3088953495, 3.2160313129, 3.2160313129)
00:00:09.056 -> (3.2502443790, 3.1622679233, 3.2746822834, 3.3040077686, 3.2111437320, 3.2209188938)
00:00:09.506 -> (3.2502443790, 3.1573803424, 3.2795698642, 3.3040077686, 3.2062561511, 3.2160313129)
00:00:09.957 -> (3.2502443790, 3.1573803424, 3.2746822834, 3.2942326068, 3.2062561511, 3.2111437320)
00:00:10.407 -> (3.2404692173, 3.1378300189, 3.2697947025, 3.2942326068, 3.1915934085, 3.2160313129)
00:00:10.858 -> (3.2453567981, 3.1329424381, 3.2649071216, 3.2893450260, 3.2111437320, 3.2258064746)
00:00:11.310 -> (3.2551319599, 3.1329424381, 3.2355816364, 3.2991201877, 3.1964809894, 3.2209188938)
00:00:11.760 -> (3.2306940555, 3.1671555042, 3.2746822834, 3.2942326068, 3.2111437320, 3.2111437320)
00:00:12.211 -> (3.2404692173, 3.1671555042, 3.2746822834, 3.2991201877, 3.2160313129, 3.2111437320)
00:00:12.661 -> (3.2404692173, 3.1720430850, 3.2844574451, 3.2991201877, 3.2355816364, 3.2111437320)
00:00:13.112 -> (3.2453567981, 3.1769306659, 3.2795698642, 3.2991201877, 3.2306940555, 3.2111437320)
00:00:13.562 -> (3.2453567981, 3.2013685703, 3.2893450260, 3.2991201877, 3.2600195407, 3.2209188938)
00:00:14.013 -> (3.2502443790, 3.2013685703, 3.2746822834, 3.3088953495, 3.2600195407, 3.2258064746)
00:00:14.464 -> (3.2649071216, 3.1915934085, 3.2746822834, 3.3137829303, 3.2551319599, 3.2355816364)
00:00:14.914 -> (3.2453567981, 3.1671555042, 3.2649071216, 3.2942326068, 3.2404692173, 3.2258064746)
00:00:15.366 -> (3.2551319599, 3.1622679233, 3.2844574451, 3.3088953495, 3.2306940555, 3.2258064746)
00:00:15.816 -> (3.2453567981, 3.1524927616, 3.2795698642, 3.3040077686, 3.2258064746, 3.2258064746)
00:00:16.267 -> (3.2404692173, 3.1427175998, 3.2795698642, 3.3040077686, 3.2209188938, 3.2258064746)
00:00:16.717 -> (3.2453567981, 3.1524927616, 3.2795698642, 3.2991201877, 3.2209188938, 3.2258064746)
00:00:17.168 -> (3.2355816364, 3.1231670379, 3.2600195407, 3.2991201877, 3.2062561511, 3.2258064746)
00:00:17.618 -> (3.2404692173, 3.1329424381, 3.2697947025, 3.2942326068, 3.2013685703, 3.2062561511)
00:00:18.069 -> (3.2404692173, 3.1524927616, 3.2404692173, 3.3040077686, 3.2013685703, 3.2209188938)
00:00:18.520 -> (3.2404692173, 3.1524927616, 3.2649071216, 3.2942326068, 3.2258064746, 3.2111437320)
00:00:18.970 -> (3.2355816364, 3.1671555042, 3.2746822834, 3.2942326068, 3.2258064746, 3.2160313129)
00:00:19.421 -> (3.2306940555, 3.1720430850, 3.2746822834, 3.2991201877, 3.2306940555, 3.2209188938)
00:00:19.872 -> (3.2453567981, 3.1720430850, 3.2746822834, 3.2991201877, 3.2355816364, 3.2258064746)
00:00:20.323 -> (3.2306940555, 3.1964809894, 3.2893450260, 3.3040077686, 3.2551319599, 3.2160313129)
00:00:20.773 -> (3.2502443790, 3.1964809894, 3.2844574451, 3.3088953495, 3.2600195407, 3.2306940555)
00:00:21.224 -> (3.2502443790, 3.1769306659, 3.2893450260, 3.2893450260, 3.2600195407, 3.2209188938)
00:00:21.675 -> (3.2600195407, 3.1573803424, 3.2942326068, 3.3137829303, 3.2453567981, 3.2258064746)
00:00:22.125 -> (3.2502443790, 3.1476051807, 3.2795698642, 3.2991201877, 3.2258064746, 3.2258064746)
00:00:22.576 -> (3.2453567981, 3.1476051807, 3.2893450260, 3.2991201877, 3.2209188938, 3.2258064746)
00:00:23.026 -> (3.2453567981, 3.1378300189, 3.2844574451, 3.3040077686, 3.2209188938, 3.2258064746)
00:00:23.477 -> (3.2404692173, 3.1427175998, 3.2746822834, 3.2991201877, 3.2209188938, 3.2306940555)
00:00:23.927 -> (3.2453567981, 3.1182794570, 3.2697947025, 3.2991201877, 3.2062561511, 3.2258064746)
00:00:24.379 -> (3.2306940555, 3.1182794570, 3.3088953495, 3.2893450260, 3.1964809894, 3.2111437320)
00:00:24.829 -> (3.2209188938, 3.1524927616, 3.2844574451, 3.2991201877, 3.2160313129, 3.2209188938)
00:00:25.280 -> (3.2258064746, 3.1476051807, 3.2746822834, 3.2942326068, 3.2209188938, 3.2209188938)
00:00:25.731 -> (3.2404692173, 3.1524927616, 3.2746822834, 3.2942326068, 3.2258064746, 3.2209188938)
00:00:26.181 -> (3.2355816364, 3.1622679233, 3.2795698642, 3.2942326068, 3.2306940555, 3.2306940555)
00:00:26.632 -> (3.2306940555, 3.1622679233, 3.2746822834, 3.2991201877, 3.2306940555, 3.2258064746)
00:00:27.082 -> (3.2502443790, 3.1964809894, 3.2844574451, 3.3088953495, 3.2551319599, 3.2306940555)
00:00:27.533 -> (3.2453567981, 3.1818182468, 3.2844574451, 3.3088953495, 3.2502443790, 3.2306940555)
00:00:27.983 -> (3.2258064746, 3.1769306659, 3.2551319599, 3.3137829303, 3.2600195407, 3.2453567981)
00:00:28.434 -> (3.2502443790, 3.1573803424, 3.2649071216, 3.3040077686, 3.2404692173, 3.2306940555)
00:00:28.884 -> (3.2502443790, 3.1524927616, 3.2893450260, 3.3088953495, 3.2306940555, 3.2355816364)
00:00:29.336 -> (3.2453567981, 3.1427175998, 3.2746822834, 3.3040077686, 3.2258064746, 3.2355816364)
00:00:29.787 -> (3.2453567981, 3.1378300189, 3.2795698642, 3.3040077686, 3.2209188938, 3.2355816364)
00:00:30.237 -> (3.2404692173, 3.1378300189, 3.2795698642, 3.2991201877, 3.2258064746, 3.2306940555)
00:00:30.688 -> (3.2355816364, 3.1231670379, 3.2844574451, 3.2942326068, 3.2111437320, 3.2306940555)
00:00:31.138 -> (3.2453567981, 3.1280546188, 3.2746822834, 3.2893450260, 3.2160313129, 3.2306940555)
00:00:31.589 -> (3.2306940555, 3.1182794570, 3.2453567981, 3.2844574451, 3.1964809894, 3.2160313129)
00:00:32.039 -> (3.2160313129, 3.1231670379, 3.2502443790, 3.2942326068, 3.2062561511, 3.2160313129)
00:00:32.490 -> (3.2355816364, 3.1622679233, 3.2697947025, 3.2893450260, 3.2258064746, 3.2258064746)
00:00:32.941 -> (3.2258064746, 3.1622679233, 3.2697947025, 3.2991201877, 3.2306940555, 3.2209188938)
00:00:33.391 -> (3.2355816364, 3.1671555042, 3.2746822834, 3.2942326068, 3.2306940555, 3.2209188938)
00:00:33.843 -> (3.2355816364, 3.1622679233, 3.2746822834, 3.2942326068, 3.2355816364, 3.2258064746)
00:00:34.293 -> (3.2306940555, 3.1720430850, 3.2795698642, 3.3040077686, 3.2404692173, 3.2209188938)
00:00:34.744 -> (3.2404692173, 3.2013685703, 3.2991201877, 3.2991201877, 3.2600195407, 3.2355816364)
00:00:35.194 -> (3.2404692173, 3.1867058277, 3.2991201877, 3.3040077686, 3.2551319599, 3.2453567981)
00:00:35.645 -> (3.2453567981, 3.1915934085, 3.2795698642, 3.3088953495, 3.2600195407, 3.2453567981)
00:00:36.096 -> (3.2404692173, 3.1476051807, 3.2453567981, 3.2991201877, 3.2551319599, 3.2355816364)
00:00:36.546 -> (3.2453567981, 3.1622679233, 3.2600195407, 3.3137829303, 3.2355816364, 3.2355816364)
00:00:36.997 -> (3.2453567981, 3.1427175998, 3.2893450260, 3.3040077686, 3.2258064746, 3.2404692173)
00:00:37.447 -> (3.2453567981, 3.1427175998, 3.2844574451, 3.3040077686, 3.2258064746, 3.2306940555)
00:00:37.898 -> (3.2404692173, 3.1329424381, 3.2795698642, 3.3040077686, 3.2209188938, 3.2404692173)
00:00:38.349 -> (3.2355816364, 3.1329424381, 3.2795698642, 3.2991201877, 3.2209188938, 3.2355816364)
00:00:38.800 -> (3.2453567981, 3.1378300189, 3.2746822834, 3.2991201877, 3.2013685703, 3.2306940555)
00:00:39.250 -> (3.2306940555, 3.1182794570, 3.2746822834, 3.2991201877, 3.2013685703, 3.2306940555)
00:00:39.701 -> (3.2306940555, 3.1231670379, 3.2746822834, 3.2942326068, 3.2209188938, 3.2404692173)
00:00:40.152 -> (3.2258064746, 3.1329424381, 3.2453567981, 3.2991201877, 3.2209188938, 3.2355816364)
00:00:40.602 -> (3.2404692173, 3.1524927616, 3.2893450260, 3.2991201877, 3.2160313129, 3.2258064746)
00:00:41.053 -> (3.2306940555, 3.1524927616, 3.2795698642, 3.2942326068, 3.2258064746, 3.2355816364)
00:00:41.503 -> (3.2355816364, 3.1476051807, 3.2746822834, 3.2942326068, 3.2306940555, 3.2306940555)
00:00:41.954 -> (3.2306940555, 3.1573803424, 3.2746822834, 3.2942326068, 3.2306940555, 3.2306940555)
00:00:42.404 -> (3.2355816364, 3.1622679233, 3.2746822834, 3.2942326068, 3.2355816364, 3.2355816364)
00:00:42.856 -> (3.2404692173, 3.1720430850, 3.2697947025, 3.2991201877, 3.2600195407, 3.2355816364)
00:00:43.307 -> (3.2404692173, 3.1915934085, 3.2795698642, 3.2991201877, 3.2551319599, 3.2453567981)
00:00:43.757 -> (3.2453567981, 3.1915934085, 3.2795698642, 3.3088953495, 3.2551319599, 3.2306940555)
00:00:44.208 -> (3.2551319599, 3.1769306659, 3.3088953495, 3.2991201877, 3.2649071216, 3.2453567981)
00:00:44.658 -> (3.2404692173, 3.1524927616, 3.2893450260, 3.3040077686, 3.2453567981, 3.2502443790)
00:00:45.109 -> (3.2355816364, 3.1524927616, 3.2942326068, 3.3088953495, 3.2355816364, 3.2453567981)
00:00:45.559 -> (3.2355816364, 3.1427175998, 3.2795698642, 3.3040077686, 3.2258064746, 3.2355816364)
00:00:46.010 -> (3.2453567981, 3.1280546188, 3.2893450260, 3.3040077686, 3.2258064746, 3.2404692173)
00:00:46.460 -> (3.2355816364, 3.1329424381, 3.2795698642, 3.3040077686, 3.2160313129, 3.2404692173)
00:00:46.912 -> (3.2355816364, 3.1329424381, 3.2746822834, 3.3040077686, 3.2209188938, 3.2355816364)
00:00:47.363 -> (3.2355816364, 3.1231670379, 3.2746822834, 3.2991201877, 3.2062561511, 3.2355816364)
00:00:47.813 -> (3.2306940555, 3.1182794570, 3.2746822834, 3.2942326068, 3.2111437320, 3.2355816364)
00:00:48.264 -> (3.2209188938, 3.1231670379, 3.3040077686, 3.2795698642, 3.2209188938, 3.2404692173)
00:00:48.714 -> (3.2355816364, 3.1671555042, 3.2795698642, 3.2942326068, 3.2209188938, 3.2258064746)
00:00:49.165 -> (3.2355816364, 3.1524927616, 3.2502443790, 3.2942326068, 3.2209188938, 3.2306940555)
00:00:49.615 -> (3.2306940555, 3.1524927616, 3.2795698642, 3.2942326068, 3.2258064746, 3.2355816364)
00:00:50.066 -> (3.2306940555, 3.1573803424, 3.2795698642, 3.2991201877, 3.2258064746, 3.2355816364)
00:00:50.516 -> (3.2306940555, 3.1622679233, 3.2795698642, 3.3040077686, 3.2306940555, 3.2355816364)
00:00:50.967 -> (3.2306940555, 3.1671555042, 3.2795698642, 3.3040077686, 3.2355816364, 3.2355816364)
00:00:51.419 -> (3.2453567981, 3.1818182468, 3.2942326068, 3.3040077686, 3.2453567981, 3.2404692173)
00:00:51.869 -> (3.2306940555, 3.1867058277, 3.2795698642, 3.2991201877, 3.2551319599, 3.2502443790)
00:00:52.320 -> (3.2404692173, 3.1818182468, 3.3088953495, 3.3186705112, 3.2551319599, 3.2551319599)
00:00:52.770 -> (3.2551319599, 3.1573803424, 3.2551319599, 3.2991201877, 3.2404692173, 3.2502443790)
00:00:53.221 -> (3.2502443790, 3.1378300189, 3.2600195407, 3.3040077686, 3.2355816364, 3.2453567981)
00:00:53.671 -> (3.2355816364, 3.1427175998, 3.2795698642, 3.3088953495, 3.2258064746, 3.2453567981)
00:00:54.122 -> (3.2404692173, 3.1329424381, 3.2844574451, 3.2991201877, 3.2209188938, 3.2404692173)
00:00:54.573 -> (3.2355816364, 3.1329424381, 3.2795698642, 3.3040077686, 3.2160313129, 3.2404692173)
00:00:55.023 -> (3.2355816364, 3.1329424381, 3.2746822834, 3.3040077686, 3.2209188938, 3.2453567981)
00:00:55.475 -> (3.2355816364, 3.1085042953, 3.2746822834, 3.2991201877, 3.2062561511, 3.2355816364)
00:00:55.925 -> (3.2258064746, 3.1182794570, 3.2697947025, 3.2942326068, 3.2062561511, 3.2355816364)
00:00:56.376 -> (3.2258064746, 3.1280546188, 3.2795698642, 3.3088953495, 3.2258064746, 3.2502443790)
00:00:56.826 -> (3.2404692173, 3.1427175998, 3.2942326068, 3.2942326068, 3.2160313129, 3.2355816364)
00:00:57.277 -> (3.2160313129, 3.1476051807, 3.2746822834, 3.2991201877, 3.2209188938, 3.2404692173)
00:00:57.728 -> (3.2258064746, 3.1476051807, 3.2746822834, 3.2991201877, 3.2258064746, 3.2306940555)
00:00:58.178 -> (3.2355816364, 3.1573803424, 3.2795698642, 3.2991201877, 3.2258064746, 3.2404692173)
00:00:58.629 -> (3.2306940555, 3.1622679233, 3.2795698642, 3.2991201877, 3.2355816364, 3.2453567981)
00:00:59.079 -> (3.2306940555, 3.1720430850, 3.2893450260, 3.2893450260, 3.2453567981, 3.2453567981)
00:00:59.531 -> (3.2404692173, 3.1964809894, 3.2893450260, 3.3040077686, 3.2502443790, 3.2502443790)
00:00:59.981 -> (3.2355816364, 3.1867058277, 3.2795698642, 3.3088953495, 3.2551319599, 3.2453567981)
00:01:00.432 -> (3.2551319599, 3.1818182468, 3.2649071216, 3.2942326068, 3.2404692173, 3.2453567981)
00:01:00.882 -> (3.2404692173, 3.1622679233, 3.3088953495, 3.3040077686, 3.2453567981, 3.2502443790)
00:01:01.333 -> (3.2355816364, 3.1524927616, 3.2893450260, 3.3040077686, 3.2306940555, 3.2502443790)
00:01:01.784 -> (3.2502443790, 3.1427175998, 3.2844574451, 3.3040077686, 3.2306940555, 3.2502443790)
00:01:02.234 -> (3.2355816364, 3.1427175998, 3.2844574451, 3.3040077686, 3.2209188938, 3.2453567981)
00:01:02.685 -> (3.2306940555, 3.1329424381, 3.2795698642, 3.3040077686, 3.2209188938, 3.2551319599)
00:01:03.135 -> (3.2355816364, 3.1378300189, 3.2844574451, 3.3040077686, 3.2209188938, 3.2404692173)
00:01:03.586 -> (3.2306940555, 3.1085042953, 3.2746822834, 3.2991201877, 3.2111437320, 3.2453567981)
00:01:04.036 -> (3.2355816364, 3.1231670379, 3.2795698642, 3.2942326068, 3.2013685703, 3.2306940555)
00:01:04.488 -> (3.2111437320, 3.1085042953, 3.2600195407, 3.3040077686, 3.2209188938, 3.2453567981)
00:01:04.939 -> (3.2355816364, 3.1378300189, 3.2453567981, 3.2844574451, 3.2160313129, 3.2404692173)
00:01:05.389 -> (3.2306940555, 3.1476051807, 3.2697947025, 3.2991201877, 3.2258064746, 3.2355816364)
00:01:05.840 -> (3.2306940555, 3.1573803424, 3.2697947025, 3.2942326068, 3.2258064746, 3.2404692173)
00:01:06.290 -> (3.2258064746, 3.1573803424, 3.2746822834, 3.2942326068, 3.2306940555, 3.2404692173)
00:01:06.741 -> (3.2355816364, 3.1671555042, 3.2795698642, 3.2942326068, 3.2355816364, 3.2453567981)
00:01:07.191 -> (3.2355816364, 3.1720430850, 3.2746822834, 3.3040077686, 3.2502443790, 3.2453567981)
00:01:07.642 -> (3.2355816364, 3.1915934085, 3.2942326068, 3.2991201877, 3.2551319599, 3.2551319599)
00:01:08.092 -> (3.2453567981, 3.1867058277, 3.2942326068, 3.3088953495, 3.2453567981, 3.2551319599)
00:01:08.543 -> (3.2502443790, 3.1720430850, 3.2991201877, 3.3137829303, 3.2306940555, 3.2551319599)
00:01:08.994 -> (3.2453567981, 3.1476051807, 3.2942326068, 3.3088953495, 3.2404692173, 3.2404692173)
00:01:09.445 -> (3.2404692173, 3.1427175998, 3.2844574451, 3.3040077686, 3.2258064746, 3.2502443790)
00:01:09.896 -> (3.2404692173, 3.1378300189, 3.2893450260, 3.3040077686, 3.2209188938, 3.2453567981)
00:01:10.346 -> (3.2306940555, 3.1280546188, 3.2795698642, 3.3040077686, 3.2209188938, 3.2453567981)
00:01:10.797 -> (3.2306940555, 3.1280546188, 3.2746822834, 3.2991201877, 3.2160313129, 3.2453567981)
00:01:11.247 -> (3.2306940555, 3.1133918762, 3.2795698642, 3.2991201877, 3.2062561511, 3.2404692173)
00:01:11.698 -> (3.2306940555, 3.1182794570, 3.2795698642, 3.2942326068, 3.2013685703, 3.2404692173)
00:01:12.148 -> (3.2355816364, 3.1036167144, 3.2404692173, 3.2991201877, 3.2013685703, 3.2404692173)
00:01:12.599 -> (3.2209188938, 3.1280546188, 3.2502443790, 3.2844574451, 3.2111437320, 3.2355816364)
00:01:13.050 -> (3.2258064746, 3.1524927616, 3.2746822834, 3.2942326068, 3.2258064746, 3.2404692173)
00:01:13.501 -> (3.2258064746, 3.1524927616, 3.2746822834, 3.2942326068, 3.2258064746, 3.2453567981)
00:01:13.952 -> (3.2258064746, 3.1524927616, 3.2746822834, 3.2991201877, 3.2258064746, 3.2453567981)
00:01:14.402 -> (3.2306940555, 3.1622679233, 3.2746822834, 3.2991201877, 3.2306940555, 3.2404692173)
00:01:14.853 -> (3.2258064746, 3.1915934085, 3.2844574451, 3.3088953495, 3.2502443790, 3.2404692173)
00:01:15.303 -> (3.2306940555, 3.1867058277, 3.2795698642, 3.3088953495, 3.2502443790, 3.2502443790)
00:01:15.754 -> (3.2502443790, 3.1671555042, 3.2502443790, 3.3137829303, 3.2453567981, 3.2404692173)
00:01:16.205 -> (3.2355816364, 3.1622679233, 3.2697947025, 3.2991201877, 3.2404692173, 3.2502443790)
00:01:16.655 -> (3.2306940555, 3.1476051807, 3.2795698642, 3.2991201877, 3.2258064746, 3.2502443790)
00:01:17.106 -> (3.2355816364, 3.1427175998, 3.2844574451, 3.3040077686, 3.2258064746, 3.2502443790)
00:01:17.556 -> (3.2306940555, 3.1329424381, 3.2795698642, 3.2991201877, 3.2209188938, 3.2502443790)
00:01:18.008 -> (3.2355816364, 3.1378300189, 3.2795698642, 3.3040077686, 3.2209188938, 3.2551319599)
00:01:18.458 -> (3.2258064746, 3.1378300189, 3.2697947025, 3.3040077686, 3.2013685703, 3.2404692173)
00:01:18.909 -> (3.2209188938, 3.1133918762, 3.2746822834, 3.2991201877, 3.2062561511, 3.2404692173)
00:01:19.360 -> (3.2258064746, 3.1182794570, 3.3088953495, 3.3040077686, 3.2209188938, 3.2551319599)
00:01:19.810 -> (3.2306940555, 3.1133918762, 3.2697947025, 3.2893450260, 3.2062561511, 3.2404692173)
00:01:20.261 -> (3.2306940555, 3.1329424381, 3.2795698642, 3.2942326068, 3.2160313129, 3.2355816364)
00:01:20.711 -> (3.2209188938, 3.1476051807, 3.2795698642, 3.2942326068, 3.2209188938, 3.2404692173)
00:01:21.162 -> (3.2209188938, 3.1573803424, 3.2795698642, 3.2991201877, 3.2258064746, 3.2404692173)
00:01:21.612 -> (3.2209188938, 3.1622679233, 3.2795698642, 3.2942326068, 3.2306940555, 3.2502443790)
00:01:22.063 -> (3.2160313129, 3.1867058277, 3.2795698642, 3.3040077686, 3.2453567981, 3.2551319599)
00:01:22.514 -> (3.2258064746, 3.2013685703, 3.2844574451, 3.3137829303, 3.2600195407, 3.2502443790)
00:01:22.965 -> (3.2404692173, 3.1915934085, 3.2893450260, 3.3040077686, 3.2649071216, 3.2649071216)
00:01:23.416 -> (3.2258064746, 3.1573803424, 3.2453567981, 3.2893450260, 3.2453567981, 3.2502443790)
00:01:23.866 -> (3.2258064746, 3.1622679233, 3.2893450260, 3.3040077686, 3.2306940555, 3.2551319599)
00:01:24.317 -> (3.2306940555, 3.1476051807, 3.2795698642, 3.3040077686, 3.2258064746, 3.2453567981)
00:01:24.767 -> (3.2306940555, 3.1476051807, 3.2795698642, 3.3040077686, 3.2209188938, 3.2551319599)
00:01:25.218 -> (3.2355816364, 3.1378300189, 3.2795698642, 3.3040077686, 3.2160313129, 3.2551319599)
00:01:25.668 -> (3.2258064746, 3.1378300189, 3.2697947025, 3.2991201877, 3.2160313129, 3.2551319599)
00:01:26.119 -> (3.2258064746, 3.1133918762, 3.2746822834, 3.2991201877, 3.2013685703, 3.2502443790)
00:01:26.569 -> (3.2306940555, 3.1231670379, 3.2795698642, 3.2942326068, 3.1964809894, 3.2404692173)
00:01:27.021 -> (3.2355816364, 3.1182794570, 3.2453567981, 3.2942326068, 3.2209188938, 3.2306940555)
00:01:27.472 -> (3.2160313129, 3.1378300189, 3.2795698642, 3.2795698642, 3.2209188938, 3.2551319599)
00:01:27.922 -> (3.2258064746, 3.1476051807, 3.2795698642, 3.2942326068, 3.2209188938, 3.2453567981)
00:01:28.373 -> (3.2306940555, 3.1476051807, 3.2844574451, 3.2942326068, 3.2258064746, 3.2453567981)
00:01:28.823 -> (3.2209188938, 3.1573803424, 3.2795698642, 3.2942326068, 3.2355816364, 3.2453567981)
00:01:29.274 -> (3.2209188938, 3.1573803424, 3.2844574451, 3.2991201877, 3.2404692173, 3.2453567981)
00:01:29.724 -> (3.2258064746, 3.1867058277, 3.2991201877, 3.2991201877, 3.2551319599, 3.2551319599)
00:01:30.175 -> (3.2209188938, 3.1867058277, 3.2942326068, 3.3040077686, 3.2551319599, 3.2600195407)
00:01:30.626 -> (3.2404692173, 3.1720430850, 3.3186705112, 3.3040077686, 3.2355816364, 3.2355816364)
00:01:31.076 -> (3.2160313129, 3.1476051807, 3.2893450260, 3.3137829303, 3.2404692173, 3.2600195407)
00:01:31.527 -> (3.2453567981, 3.1378300189, 3.2844574451, 3.3040077686, 3.2355816364, 3.2551319599)
00:01:31.978 -> (3.2306940555, 3.1378300189, 3.2795698642, 3.2991201877, 3.2258064746, 3.2502443790)
00:01:32.429 -> (3.2306940555, 3.1378300189, 3.2844574451, 3.3040077686, 3.2258064746, 3.2551319599)
00:01:32.879 -> (3.2306940555, 3.1329424381, 3.2795698642, 3.3040077686, 3.2209188938, 3.2453567981)
00:01:33.330 -> (3.2258064746, 3.1378300189, 3.2844574451, 3.2942326068, 3.2111437320, 3.2453567981)
00:01:33.780 -> (3.2160313129, 3.1182794570, 3.2795698642, 3.2991201877, 3.2062561511, 3.2453567981)
00:01:34.231 -> (3.2160313129, 3.1133918762, 3.2697947025, 3.2942326068, 3.1964809894, 3.2502443790)
00:01:34.682 -> (3.2453567981, 3.1427175998, 3.3040077686, 3.2991201877, 3.2160313129, 3.2502443790)
00:01:35.132 -> (3.2013685703, 3.1524927616, 3.2746822834, 3.3040077686, 3.2306940555, 3.2453567981)
00:01:35.583 -> (3.2258064746, 3.1524927616, 3.2795698642, 3.2942326068, 3.2306940555, 3.2453567981)
00:01:36.033 -> (3.2209188938, 3.1524927616, 3.2746822834, 3.2942326068, 3.2306940555, 3.2453567981)
00:01:36.485 -> (3.2209188938, 3.1573803424, 3.2844574451, 3.2942326068, 3.2355816364, 3.2502443790)
00:01:36.935 -> (3.2258064746, 3.1622679233, 3.2795698642, 3.3040077686, 3.2404692173, 3.2600195407)
00:01:37.386 -> (3.2209188938, 3.1818182468, 3.2942326068, 3.3040077686, 3.2600195407, 3.2502443790)
00:01:37.837 -> (3.2355816364, 3.1915934085, 3.2893450260, 3.3040077686, 3.2600195407, 3.2551319599)
00:01:38.287 -> (3.2306940555, 3.1867058277, 3.3088953495, 3.3088953495, 3.2453567981, 3.2551319599)
00:01:38.738 -> (3.2355816364, 3.1573803424, 3.2551319599, 3.3186705112, 3.2453567981, 3.2551319599)
00:01:39.188 -> (3.2502443790, 3.1476051807, 3.2600195407, 3.3040077686, 3.2355816364, 3.2502443790)
00:01:39.639 -> (3.2258064746, 3.1524927616, 3.2844574451, 3.3040077686, 3.2355816364, 3.2600195407)
00:01:40.089 -> (3.2306940555, 3.1476051807, 3.2893450260, 3.3040077686, 3.2258064746, 3.2551319599)
00:01:40.540 -> (3.2306940555, 3.1378300189, 3.2795698642, 3.2991201877, 3.2209188938, 3.2600195407)
00:01:40.990 -> (3.2209188938, 3.1378300189, 3.2844574451, 3.3040077686, 3.2209188938, 3.2551319599)
00:01:41.442 -> (3.2209188938, 3.1133918762, 3.2844574451, 3.2942326068, 3.2062561511, 3.2453567981)
00:01:41.893 -> (3.2160313129, 3.1182794570, 3.2795698642, 3.2893450260, 3.2062561511, 3.2551319599)
00:01:42.343 -> (3.2111437320, 3.1133918762, 3.2600195407, 3.2893450260, 3.1964809894, 3.2355816364)
00:01:42.794 -> (3.2209188938, 3.1329424381, 3.2697947025, 3.2942326068, 3.2209188938, 3.2453567981)
00:01:43.244 -> (3.2160313129, 3.1524927616, 3.2795698642, 3.2942326068, 3.2258064746, 3.2502443790)
00:01:43.695 -> (3.2111437320, 3.1524927616, 3.2795698642, 3.2942326068, 3.2258064746, 3.2453567981)
00:01:44.145 -> (3.2209188938, 3.1524927616, 3.2795698642, 3.2893450260, 3.2306940555, 3.2502443790)
00:01:44.596 -> (3.2258064746, 3.1671555042, 3.2844574451, 3.2991201877, 3.2502443790, 3.2453567981)
00:01:45.047 -> (3.2306940555, 3.1915934085, 3.2746822834, 3.2991201877, 3.2551319599, 3.2551319599)
00:01:45.498 -> (3.2258064746, 3.1867058277, 3.2746822834, 3.3040077686, 3.2551319599, 3.2600195407)
00:01:45.949 -> (3.2355816364, 3.1769306659, 3.3137829303, 3.3186705112, 3.2649071216, 3.2600195407)
00:01:46.399 -> (3.2355816364, 3.1622679233, 3.2746822834, 3.2893450260, 3.2404692173, 3.2600195407)
00:01:46.850 -> (3.2258064746, 3.1524927616, 3.2893450260, 3.2991201877, 3.2355816364, 3.2600195407)
00:01:47.300 -> (3.2209188938, 3.1427175998, 3.2795698642, 3.3088953495, 3.2306940555, 3.2551319599)
00:01:47.751 -> (3.2258064746, 3.1378300189, 3.2844574451, 3.2991201877, 3.2258064746, 3.2551319599)
00:01:48.201 -> (3.2258064746, 3.1427175998, 3.2746822834, 3.2991201877, 3.2258064746, 3.2600195407)
00:01:48.652 -> (3.2160313129, 3.1182794570, 3.2746822834, 3.2893450260, 3.2062561511, 3.2551319599)
00:01:49.103 -> (3.2160313129, 3.1231670379, 3.2649071216, 3.2942326068, 3.2062561511, 3.2355816364)
00:01:49.553 -> (3.1964809894, 3.1476051807, 3.3088953495, 3.2991201877, 3.1964809894, 3.2404692173)
00:01:50.005 -> (3.2160313129, 3.1524927616, 3.2649071216, 3.2942326068, 3.2160313129, 3.2502443790)
00:01:50.455 -> (3.2160313129, 3.1622679233, 3.2746822834, 3.2942326068, 3.2258064746, 3.2453567981)
00:01:50.906 -> (3.2160313129, 3.1622679233, 3.2746822834, 3.2942326068, 3.2355816364, 3.2551319599)
00:01:51.356 -> (3.2209188938, 3.1720430850, 3.2795698642, 3.2942326068, 3.2355816364, 3.2551319599)
00:01:51.807 -> (3.2111437320, 3.1769306659, 3.2795698642, 3.3040077686, 3.2404692173, 3.2551319599)
00:01:52.258 -> (3.2306940555, 3.2062561511, 3.2844574451, 3.2893450260, 3.2600195407, 3.2551319599)
00:01:52.708 -> (3.2258064746, 3.1867058277, 3.2942326068, 3.3040077686, 3.2551319599, 3.2649071216)
00:01:53.159 -> (3.2306940555, 3.1671555042, 3.2551319599, 3.3137829303, 3.2502443790, 3.2502443790)
00:01:53.609 -> (3.2404692173, 3.1671555042, 3.2649071216, 3.3088953495, 3.2453567981, 3.2600195407)
00:01:54.060 -> (3.2258064746, 3.1524927616, 3.2893450260, 3.3040077686, 3.2306940555, 3.2600195407)
00:01:54.511 -> (3.2258064746, 3.1476051807, 3.2844574451, 3.2991201877, 3.2306940555, 3.2649071216)
00:01:54.962 -> (3.2306940555, 3.1427175998, 3.2795698642, 3.2991201877, 3.2209188938, 3.2600195407)
00:01:55.412 -> (3.2258064746, 3.1378300189, 3.2795698642, 3.2991201877, 3.2209188938, 3.2551319599)
00:01:55.863 -> (3.2258064746, 3.1427175998, 3.2795698642, 3.2942326068, 3.2111437320, 3.2600195407)
00:01:56.314 -> (3.2209188938, 3.1231670379, 3.2795698642, 3.2893450260, 3.2111437320, 3.2551319599)
00:01:56.764 -> (3.2209188938, 3.1280546188, 3.2746822834, 3.2844574451, 3.1964809894, 3.2453567981)
00:01:57.215 -> (3.2062561511, 3.1476051807, 3.2502443790, 3.2746822834, 3.2062561511, 3.2453567981)
00:01:57.665 -> (3.2013685703, 3.1573803424, 3.2844574451, 3.2844574451, 3.2258064746, 3.2453567981)
00:01:58.116 -> (3.2209188938, 3.1671555042, 3.2795698642, 3.2942326068, 3.2258064746, 3.2453567981)
00:01:58.566 -> (3.2160313129, 3.1671555042, 3.2746822834, 3.2991201877, 3.2306940555, 3.2502443790)
00:01:59.018 -> (3.2209188938, 3.1720430850, 3.2795698642, 3.2991201877, 3.2355816364, 3.2600195407)
00:01:59.469 -> (3.2209188938, 3.1818182468, 3.2795698642, 3.2942326068, 3.2453567981, 3.2600195407)
00:01:59.919 -> (3.2258064746, 3.2013685703, 3.2893450260, 3.3040077686, 3.2551319599, 3.2502443790)
00:02:00.370 -> (3.2355816364, 3.1867058277, 3.2893450260, 3.2991201877, 3.2600195407, 3.2649071216)
00:02:00.820 -> (3.2355816364, 3.1818182468, 3.3137829303, 3.3186705112, 3.2649071216, 3.2697947025)
00:02:01.271 -> (3.2453567981, 3.1769306659, 3.2844574451, 3.3088953495, 3.2502443790, 3.2649071216)
00:02:01.721 -> (3.2258064746, 3.1524927616, 3.2844574451, 3.3088953495, 3.2355816364, 3.2600195407)
00:02:02.172 -> (3.2306940555, 3.1524927616, 3.2844574451, 3.3040077686, 3.2306940555, 3.2600195407)
00:02:02.622 -> (3.2258064746, 3.1476051807, 3.2795698642, 3.3040077686, 3.2258064746, 3.2551319599)
00:02:03.073 -> (3.2258064746, 3.1329424381, 3.2795698642, 3.2991201877, 3.2209188938, 3.2600195407)
00:02:03.524 -> (3.2209188938, 3.1427175998, 3.2746822834, 3.2942326068, 3.2209188938, 3.2600195407)
00:02:03.974 -> (3.2209188938, 3.1231670379, 3.2697947025, 3.2942326068, 3.2062561511, 3.2551319599)
00:02:04.426 -> (3.2160313129, 3.1280546188, 3.2697947025, 3.2893450260, 3.2013685703, 3.2600195407)
00:02:04.876 -> (3.2013685703, 3.1329424381, 3.2453567981, 3.2991201877, 3.2111437320, 3.2502443790)
00:02:05.327 -> (3.2013685703, 3.1524927616, 3.2991201877, 3.2795698642, 3.2111437320, 3.2453567981)
00:02:05.777 -> (3.2160313129, 3.1573803424, 3.2697947025, 3.2942326068, 3.2062561511, 3.2502443790)
00:02:06.228 -> (3.2209188938, 3.1573803424, 3.2746822834, 3.2844574451, 3.2111437320, 3.2551319599)
00:02:06.679 -> (3.2258064746, 3.1671555042, 3.2746822834, 3.2942326068, 3.2160313129, 3.2551319599)
00:02:07.129 -> (3.2209188938, 3.1671555042, 3.2746822834, 3.2991201877, 3.2209188938, 3.2600195407)
00:02:07.580 -> (3.2160313129, 3.1915934085, 3.2893450260, 3.2991201877, 3.2306940555, 3.2551319599)
00:02:08.030 -> (3.2306940555, 3.1915934085, 3.2844574451, 3.2991201877, 3.2355816364, 3.2600195407)
00:02:08.481 -> (3.2258064746, 3.1867058277, 3.2746822834, 3.3040077686, 3.2404692173, 3.2697947025)
00:02:08.932 -> (3.2111437320, 3.1671555042, 3.2502443790, 3.2844574451, 3.2160313129, 3.2649071216)
00:02:09.383 -> (3.2258064746, 3.1671555042, 3.2991201877, 3.2991201877, 3.2209188938, 3.2649071216)
00:02:09.833 -> (3.2306940555, 3.1524927616, 3.2844574451, 3.3040077686, 3.2111437320, 3.2649071216)
00:02:10.284 -> (3.2160313129, 3.1427175998, 3.2795698642, 3.3040077686, 3.2062561511, 3.2697947025)
00:02:10.735 -> (3.2209188938, 3.1378300189, 3.2795698642, 3.2942326068, 3.2062561511, 3.2600195407)
00:02:11.185 -> (3.2258064746, 3.1427175998, 3.2795698642, 3.2991201877, 3.2062561511, 3.2600195407)
00:02:11.636 -> (3.2209188938, 3.1231670379, 3.2746822834, 3.2991201877, 3.1867058277, 3.2551319599)
00:02:12.086 -> (3.2258064746, 3.1280546188, 3.2697947025, 3.2942326068, 3.1915934085, 3.2551319599)
00:02:12.537 -> (3.2209188938, 3.1378300189, 3.2893450260, 3.2942326068, 3.2062561511, 3.2502443790)
00:02:12.987 -> (3.2160313129, 3.1329424381, 3.2697947025, 3.2844574451, 3.2013685703, 3.2355816364)
00:02:13.439 -> (3.2209188938, 3.1573803424, 3.2697947025, 3.2893450260, 3.2062561511, 3.2551319599)
00:02:13.890 -> (3.2209188938, 3.1573803424, 3.2746822834, 3.2893450260, 3.2111437320, 3.2502443790)
00:02:14.340 -> (3.2160313129, 3.1671555042, 3.2795698642, 3.2942326068, 3.2111437320, 3.2600195407)
00:02:14.791 -> (3.2209188938, 3.1671555042, 3.2844574451, 3.2942326068, 3.2160313129, 3.2600195407)
00:02:15.241 -> (3.2258064746, 3.1964809894, 3.2697947025, 3.3040077686, 3.2355816364, 3.2697947025)
00:02:15.692 -> (3.2306940555, 3.2013685703, 3.2893450260, 3.3040077686, 3.2355816364, 3.2600195407)
00:02:16.142 -> (3.2306940555, 3.2013685703, 3.2893450260, 3.3186705112, 3.2502443790, 3.2649071216)
00:02:16.593 -> (3.2209188938, 3.1867058277, 3.3040077686, 3.2844574451, 3.2209188938, 3.2746822834)
00:02:17.043 -> (3.2306940555, 3.1573803424, 3.2746822834, 3.2893450260, 3.2160313129, 3.2649071216)
00:02:17.494 -> (3.2258064746, 3.1524927616, 3.2844574451, 3.2991201877, 3.2111437320, 3.2649071216)
00:02:17.946 -> (3.2209188938, 3.1476051807, 3.2795698642, 3.3040077686, 3.2062561511, 3.2649071216)
00:02:18.396 -> (3.2306940555, 3.1476051807, 3.2795698642, 3.3040077686, 3.2013685703, 3.2600195407)
00:02:18.847 -> (3.2258064746, 3.1476051807, 3.2844574451, 3.2991201877, 3.2013685703, 3.2551319599)
00:02:19.297 -> (3.2160313129, 3.1231670379, 3.2795698642, 3.2991201877, 3.1867058277, 3.2502443790)
00:02:19.748 -> (3.2209188938, 3.1280546188, 3.2649071216, 3.2893450260, 3.1867058277, 3.2502443790)
00:02:20.198 -> (3.2258064746, 3.1329424381, 3.2893450260, 3.2942326068, 3.1867058277, 3.2502443790)
00:02:20.649 -> (3.2013685703, 3.1427175998, 3.2697947025, 3.2942326068, 3.2062561511, 3.2600195407)
00:02:21.100 -> (3.2160313129, 3.1671555042, 3.2746822834, 3.2893450260, 3.2062561511, 3.2600195407)
00:02:21.550 -> (3.2160313129, 3.1671555042, 3.2746822834, 3.2942326068, 3.2111437320, 3.2502443790)
00:02:22.001 -> (3.2209188938, 3.1671555042, 3.2746822834, 3.2942326068, 3.2160313129, 3.2600195407)
00:02:22.451 -> (3.2258064746, 3.1720430850, 3.2795698642, 3.2942326068, 3.2258064746, 3.2600195407)
00:02:22.903 -> (3.2209188938, 3.1964809894, 3.2942326068, 3.3040077686, 3.2355816364, 3.2697947025)
00:02:23.353 -> (3.2306940555, 3.1915934085, 3.2844574451, 3.2991201877, 3.2404692173, 3.2746822834)
00:02:23.804 -> (3.2111437320, 3.1671555042, 3.2551319599, 3.2991201877, 3.2453567981, 3.2697947025)
00:02:24.254 -> (3.2404692173, 3.1769306659, 3.2893450260, 3.3040077686, 3.2111437320, 3.2649071216)
00:02:24.705 -> (3.2258064746, 3.1573803424, 3.2795698642, 3.3040077686, 3.2111437320, 3.2649071216)
00:02:25.156 -> (3.2258064746, 3.1524927616, 3.2844574451, 3.3040077686, 3.2062561511, 3.2600195407)
00:02:25.606 -> (3.2306940555, 3.1427175998, 3.2795698642, 3.3040077686, 3.2013685703, 3.2649071216)
00:02:26.057 -> (3.2209188938, 3.1476051807, 3.2795698642, 3.2991201877, 3.2013685703, 3.2649071216)
00:02:26.507 -> (3.2209188938, 3.1280546188, 3.2746822834, 3.2942326068, 3.1915934085, 3.2551319599)
00:02:26.958 -> (3.2160313129, 3.1280546188, 3.2697947025, 3.2942326068, 3.1818182468, 3.2649071216)
00:02:27.408 -> (3.2013685703, 3.1622679233, 3.2942326068, 3.2746822834, 3.2111437320, 3.2600195407)
00:02:27.860 -> (3.2209188938, 3.1524927616, 3.2746822834, 3.2942326068, 3.2062561511, 3.2600195407)
00:02:28.311 -> (3.2209188938, 3.1622679233, 3.2795698642, 3.2893450260, 3.2111437320, 3.2600195407)
00:02:28.761 -> (3.2209188938, 3.1720430850, 3.2844574451, 3.2942326068, 3.2160313129, 3.2600195407)
00:02:29.212 -> (3.2209188938, 3.1769306659, 3.2795698642, 3.2942326068, 3.2160313129, 3.2600195407)
00:02:29.662 -> (3.2209188938, 3.1964809894, 3.2942326068, 3.2893450260, 3.2355816364, 3.2649071216)
00:02:30.113 -> (3.2306940555, 3.2111437320, 3.2942326068, 3.2991201877, 3.2355816364, 3.2697947025)
00:02:30.563 -> (3.2306940555, 3.2013685703, 3.2844574451, 3.3088953495, 3.2453567981, 3.2649071216)
00:02:31.014 -> (3.2258064746, 3.1622679233, 3.2551319599, 3.3088953495, 3.2306940555, 3.2697947025)
00:02:31.464 -> (3.2209188938, 3.1622679233, 3.2991201877, 3.3088953495, 3.2160313129, 3.2649071216)
00:02:31.916 -> (3.2258064746, 3.1524927616, 3.2795698642, 3.2991201877, 3.2111437320, 3.2649071216)
00:02:32.367 -> (3.2306940555, 3.1524927616, 3.2795698642, 3.2991201877, 3.2062561511, 3.2649071216)
00:02:32.817 -> (3.2209188938, 3.1427175998, 3.2795698642, 3.2991201877, 3.2062561511, 3.2551319599)
00:02:33.268 -> (3.2209188938, 3.1427175998, 3.2844574451, 3.2991201877, 3.2062561511, 3.2600195407)
00:02:33.718 -> (3.2160313129, 3.1182794570, 3.2697947025, 3.2942326068, 3.1915934085, 3.2600195407)
00:02:34.169 -> (3.2160313129, 3.1329424381, 3.2746822834, 3.2893450260, 3.1964809894, 3.2600195407)
00:02:34.619 -> (3.2355816364, 3.1329424381, 3.2795698642, 3.2991201877, 3.1915934085, 3.2649071216)
00:02:35.070 -> (3.2258064746, 3.1573803424, 3.2795698642, 3.2942326068, 3.2062561511, 3.2600195407)
00:02:35.521 -> (3.2160313129, 3.1720430850, 3.2795698642, 3.2893450260, 3.2111437320, 3.2551319599)
00:02:35.972 -> (3.2160313129, 3.1867058277, 3.2795698642, 3.2893450260, 3.2160313129, 3.2600195407)
00:02:36.423 -> (3.2160313129, 3.1818182468, 3.2795698642, 3.2893450260, 3.2160313129, 3.2600195407)
00:02:36.873 -> (3.2209188938, 3.1964809894, 3.2893450260, 3.2893450260, 3.2306940555, 3.2649071216)
00:02:37.324 -> (3.2306940555, 3.2209188938, 3.2844574451, 3.2942326068, 3.2355816364, 3.2697947025)
00:02:37.774 -> (3.2355816364, 3.2160313129, 3.2942326068, 3.3040077686, 3.2404692173, 3.2697947025)
00:02:38.225 -> (3.2355816364, 3.1867058277, 3.2844574451, 3.2942326068, 3.2209188938, 3.2697947025)
00:02:38.675 -> (3.2355816364, 3.1818182468, 3.2942326068, 3.2942326068, 3.2160313129, 3.2697947025)
00:02:39.126 -> (3.2355816364, 3.1769306659, 3.2844574451, 3.2991201877, 3.2160313129, 3.2649071216)
00:02:39.577 -> (3.2355816364, 3.1720430850, 3.2844574451, 3.2991201877, 3.2062561511, 3.2697947025)
00:02:40.028 -> (3.2306940555, 3.1573803424, 3.2795698642, 3.2991201877, 3.2062561511, 3.2649071216)
00:02:40.479 -> (3.2258064746, 3.1671555042, 3.2795698642, 3.2942326068, 3.1915934085, 3.2600195407)
00:02:40.929 -> (3.2209188938, 3.1476051807, 3.2649071216, 3.2942326068, 3.1818182468, 3.2649071216)
00:02:41.380 -> (3.2355816364, 3.1427175998, 3.2795698642, 3.2991201877, 3.2013685703, 3.2649071216)
00:02:41.830 -> (3.2209188938, 3.1671555042, 3.2795698642, 3.2795698642, 3.2013685703, 3.2649071216)
00:02:42.281 -> (3.2258064746, 3.1769306659, 3.2844574451, 3.2942326068, 3.2062561511, 3.2551319599)
00:02:42.732 -> (3.2160313129, 3.1769306659, 3.2746822834, 3.2942326068, 3.2111437320, 3.2600195407)
00:02:43.182 -> (3.2258064746, 3.1818182468, 3.2746822834, 3.2942326068, 3.2209188938, 3.2551319599)
00:02:43.633 -> (3.2209188938, 3.1964809894, 3.2942326068, 3.2942326068, 3.2355816364, 3.2600195407)
00:02:44.083 -> (3.2355816364, 3.2209188938, 3.2844574451, 3.3088953495, 3.2355816364, 3.2697947025)
00:02:44.535 -> (3.2404692173, 3.2258064746, 3.3088953495, 3.2844574451, 3.2453567981, 3.2697947025)
00:02:44.985 -> (3.2209188938, 3.1769306659, 3.3040077686, 3.2942326068, 3.2306940555, 3.2795698642)
00:02:45.436 -> (3.2306940555, 3.1622679233, 3.2844574451, 3.3040077686, 3.2160313129, 3.2697947025)
00:02:45.886 -> (3.2306940555, 3.1573803424, 3.2844574451, 3.3040077686, 3.2062561511, 3.2697947025)
00:02:46.337 -> (3.2355816364, 3.1476051807, 3.2893450260, 3.2991201877, 3.2013685703, 3.2697947025)
00:02:46.788 -> (3.2355816364, 3.1524927616, 3.2795698642, 3.2942326068, 3.1915934085, 3.2649071216)
00:02:47.238 -> (3.2209188938, 3.1329424381, 3.2844574451, 3.2942326068, 3.1818182468, 3.2600195407)
00:02:47.689 -> (3.2453567981, 3.1280546188, 3.2502443790, 3.2991201877, 3.1964809894, 3.2453567981)
00:02:48.139 -> (3.2062561511, 3.1476051807, 3.2600195407, 3.2942326068, 3.2062561511, 3.2600195407)
00:02:48.590 -> (3.2258064746, 3.1720430850, 3.2795698642, 3.2893450260, 3.2062561511, 3.2600195407)
00:02:49.041 -> (3.2258064746, 3.1720430850, 3.2795698642, 3.2991201877, 3.2111437320, 3.2649071216)
00:02:49.492 -> (3.2258064746, 3.1818182468, 3.2795698642, 3.2942326068, 3.2160313129, 3.2600195407)
00:02:49.943 -> (3.2258064746, 3.1867058277, 3.2697947025, 3.3040077686, 3.2355816364, 3.2649071216)
00:02:50.393 -> (3.2453567981, 3.2111437320, 3.2991201877, 3.3040077686, 3.2355816364, 3.2746822834)
00:02:50.844 -> (3.2258064746, 3.1964809894, 3.2697947025, 3.2844574451, 3.2453567981, 3.2795698642)
00:02:51.294 -> (3.2551319599, 3.1867058277, 3.2844574451, 3.3040077686, 3.2258064746, 3.2746822834)
00:02:51.745 -> (3.2404692173, 3.1720430850, 3.2942326068, 3.3040077686, 3.2111437320, 3.2649071216)
00:02:52.195 -> (3.2355816364, 3.1573803424, 3.2942326068, 3.3040077686, 3.2111437320, 3.2746822834)
00:02:52.646 -> (3.2355816364, 3.1524927616, 3.2844574451, 3.2991201877, 3.2062561511, 3.2697947025)
00:02:53.096 -> (3.2355816364, 3.1524927616, 3.2844574451, 3.2991201877, 3.2013685703, 3.2649071216)
00:02:53.548 -> (3.2160313129, 3.1280546188, 3.2942326068, 3.2942326068, 3.1867058277, 3.2649071216)
00:02:53.999 -> (3.2258064746, 3.1378300189, 3.2844574451, 3.2844574451, 3.1769306659, 3.2600195407)
00:02:54.449 -> (3.2062561511, 3.1573803424, 3.2600195407, 3.2942326068, 3.1867058277, 3.2551319599)
00:02:54.900 -> (3.2306940555, 3.1769306659, 3.2795698642, 3.2942326068, 3.2013685703, 3.2600195407)
00:02:55.350 -> (3.2209188938, 3.1769306659, 3.2893450260, 3.2991201877, 3.2062561511, 3.2600195407)
00:02:55.801 -> (3.2306940555, 3.1769306659, 3.2844574451, 3.2893450260, 3.2062561511, 3.2649071216)
00:02:56.251 -> (3.2306940555, 3.1818182468, 3.2844574451, 3.2942326068, 3.2013685703, 3.2697947025)
00:02:56.702 -> (3.2306940555, 3.2111437320, 3.2795698642, 3.2991201877, 3.2209188938, 3.2697947025)
00:02:57.153 -> (3.2404692173, 3.2160313129, 3.2746822834, 3.2942326068, 3.2160313129, 3.2697947025)
00:02:57.603 -> (3.2355816364, 3.2111437320, 3.3186705112, 3.3040077686, 3.2013685703, 3.2649071216)
00:02:58.055 -> (3.2209188938, 3.1964809894, 3.2942326068, 3.3088953495, 3.2062561511, 3.2746822834)
00:02:58.505 -> (3.2355816364, 3.1720430850, 3.2942326068, 3.3040077686, 3.1964809894, 3.2697947025)
00:02:58.956 -> (3.2404692173, 3.1671555042, 3.2942326068, 3.3040077686, 3.1964809894, 3.2746822834)
00:02:59.406 -> (3.2306940555, 3.1573803424, 3.2942326068, 3.3040077686, 3.1915934085, 3.2697947025)
00:02:59.857 -> (3.2306940555, 3.1524927616, 3.2893450260, 3.2991201877, 3.1867058277, 3.2649071216)
00:03:00.307 -> (3.2355816364, 3.1524927616, 3.2844574451, 3.2893450260, 3.1769306659, 3.2697947025)
00:03:00.758 -> (3.2306940555, 3.1231670379, 3.2844574451, 3.2991201877, 3.1720430850, 3.2600195407)
00:03:01.209 -> (3.2258064746, 3.1280546188, 3.2746822834, 3.2991201877, 3.1671555042, 3.2600195407)
00:03:01.659 -> (3.2404692173, 3.1378300189, 3.2795698642, 3.2844574451, 3.1769306659, 3.2649071216)
00:03:02.110 -> (3.2209188938, 3.1573803424, 3.2844574451, 3.2893450260, 3.1867058277, 3.2600195407)
00:03:02.560 -> (3.2258064746, 3.1671555042, 3.2844574451, 3.2893450260, 3.1964809894, 3.2551319599)
00:03:03.012 -> (3.2306940555, 3.1720430850, 3.2795698642, 3.2942326068, 3.1964809894, 3.2600195407)
00:03:03.462 -> (3.2258064746, 3.1671555042, 3.2844574451, 3.2893450260, 3.2013685703, 3.2697947025)
00:03:03.913 -> (3.2306940555, 3.1818182468, 3.2844574451, 3.2991201877, 3.2062561511, 3.2697947025)
00:03:04.364 -> (3.2306940555, 3.2111437320, 3.2942326068, 3.2991201877, 3.2209188938, 3.2746822834)
00:03:04.814 -> (3.2306940555, 3.2160313129, 3.2942326068, 3.2991201877, 3.2258064746, 3.2697947025)
00:03:05.265 -> (3.2453567981, 3.1964809894, 3.3137829303, 3.2942326068, 3.2013685703, 3.2697947025)
00:03:05.715 -> (3.2453567981, 3.1818182468, 3.3040077686, 3.3040077686, 3.2160313129, 3.2795698642)
00:03:06.166 -> (3.2355816364, 3.1867058277, 3.3040077686, 3.2991201877, 3.2013685703, 3.2697947025)
00:03:06.616 -> (3.2306940555, 3.1671555042, 3.2942326068, 3.3040077686, 3.2013685703, 3.2746822834)
00:03:07.067 -> (3.2355816364, 3.1622679233, 3.2893450260, 3.3040077686, 3.1964809894, 3.2697947025)
00:03:07.517 -> (3.2355816364, 3.1573803424, 3.2844574451, 3.2991201877, 3.1915934085, 3.2746822834)
00:03:07.969 -> (3.2306940555, 3.1524927616, 3.2844574451, 3.2991201877, 3.1915934085, 3.2697947025)
00:03:08.420 -> (3.2355816364, 3.1524927616, 3.2942326068, 3.2991201877, 3.1818182468, 3.2697947025)
00:03:08.870 -> (3.2355816364, 3.1329424381, 3.2795698642, 3.2942326068, 3.1867058277, 3.2697947025)
00:03:09.321 -> (3.2306940555, 3.1378300189, 3.2795698642, 3.2844574451, 3.1915934085, 3.2600195407)
00:03:09.771 -> (3.2355816364, 3.1622679233, 3.2600195407, 3.2795698642, 3.2111437320, 3.2600195407)
00:03:10.222 -> (3.2258064746, 3.1671555042, 3.2942326068, 3.2795698642, 3.2062561511, 3.2551319599)
00:03:10.672 -> (3.2258064746, 3.1769306659, 3.2795698642, 3.2893450260, 3.2062561511, 3.2649071216)
00:03:11.123 -> (3.2209188938, 3.1769306659, 3.2893450260, 3.2893450260, 3.2111437320, 3.2649071216)
00:03:11.574 -> (3.2355816364, 3.1818182468, 3.2844574451, 3.2942326068, 3.2160313129, 3.2649071216)
00:03:12.024 -> (3.2258064746, 3.1867058277, 3.2893450260, 3.2991201877, 3.2209188938, 3.2697947025)
00:03:12.476 -> (3.2355816364, 3.2111437320, 3.3088953495, 3.3040077686, 3.2453567981, 3.2697947025)
00:03:12.926 -> (3.2355816364, 3.2160313129, 3.2991201877, 3.3088953495, 3.2404692173, 3.2746822834)
00:03:13.377 -> (3.2355816364, 3.2160313129, 3.2746822834, 3.2991201877, 3.2355816364, 3.2844574451)
00:03:13.827 -> (3.2258064746, 3.2160313129, 3.2795698642, 3.3088953495, 3.2209188938, 3.2746822834)
00:03:14.278 -> (3.2404692173, 3.1915934085, 3.3040077686, 3.3040077686, 3.2258064746, 3.2746822834)
00:03:14.728 -> (3.2453567981, 3.1769306659, 3.2893450260, 3.3040077686, 3.2160313129, 3.2746822834)
00:03:15.179 -> (3.2306940555, 3.1720430850, 3.2942326068, 3.3040077686, 3.2111437320, 3.2795698642)
00:03:15.630 -> (3.2404692173, 3.1720430850, 3.2942326068, 3.2991201877, 3.2111437320, 3.2746822834)
00:03:16.080 -> (3.2306940555, 3.1671555042, 3.2893450260, 3.2991201877, 3.2111437320, 3.2697947025)
00:03:16.531 -> (3.2355816364, 3.1524927616, 3.2746822834, 3.2991201877, 3.1964809894, 3.2697947025)
00:03:16.982 -> (3.2306940555, 3.1476051807, 3.2844574451, 3.2942326068, 3.1915934085, 3.2551319599)
00:03:17.433 -> (3.2258064746, 3.1378300189, 3.2551319599, 3.2991201877, 3.2013685703, 3.2600195407)
00:03:17.883 -> (3.2306940555, 3.1671555042, 3.3040077686, 3.2844574451, 3.2062561511, 3.2551319599)
00:03:18.334 -> (3.2306940555, 3.1867058277, 3.2844574451, 3.2942326068, 3.2111437320, 3.2551319599)
00:03:18.785 -> (3.2306940555, 3.1867058277, 3.2893450260, 3.2942326068, 3.2209188938, 3.2600195407)
00:03:19.235 -> (3.2209188938, 3.1915934085, 3.2844574451, 3.2942326068, 3.2209188938, 3.2697947025)
00:03:19.686 -> (3.2355816364, 3.2013685703, 3.2942326068, 3.2991201877, 3.2306940555, 3.2649071216)
00:03:20.136 -> (3.2404692173, 3.2209188938, 3.2893450260, 3.3040077686, 3.2453567981, 3.2649071216)
00:03:20.587 -> (3.2453567981, 3.2355816364, 3.2991201877, 3.3088953495, 3.2502443790, 3.2746822834)
00:03:21.037 -> (3.2404692173, 3.2258064746, 3.3284456729, 3.2942326068, 3.2355816364, 3.2746822834)
00:03:21.489 -> (3.2209188938, 3.2160313129, 3.2746822834, 3.3088953495, 3.2355816364, 3.2697947025)
00:03:21.939 -> (3.2258064746, 3.2013685703, 3.2991201877, 3.3040077686, 3.2258064746, 3.2795698642)
00:03:22.390 -> (3.2404692173, 3.1818182468, 3.2942326068, 3.3040077686, 3.2209188938, 3.2746822834)
00:03:22.841 -> (3.2355816364, 3.1671555042, 3.2893450260, 3.2991201877, 3.2209188938, 3.2746822834)
00:03:23.291 -> (3.2355816364, 3.1622679233, 3.2893450260, 3.2991201877, 3.2160313129, 3.2746822834)
00:03:23.742 -> (3.2404692173, 3.1671555042, 3.2942326068, 3.2991201877, 3.2062561511, 3.2697947025)
00:03:24.192 -> (3.2258064746, 3.1427175998, 3.2942326068, 3.2942326068, 3.1964809894, 3.2649071216)
00:03:24.643 -> (3.2306940555, 3.1378300189, 3.2893450260, 3.2795698642, 3.1915934085, 3.2551319599)
00:03:25.093 -> (3.2160313129, 3.1818182468, 3.3088953495, 3.2697947025, 3.2111437320, 3.2649071216)
00:03:25.544 -> (3.2306940555, 3.1769306659, 3.2649071216, 3.2942326068, 3.2160313129, 3.2600195407)
00:03:25.996 -> (3.2306940555, 3.1867058277, 3.2844574451, 3.2893450260, 3.2160313129, 3.2649071216)
00:03:26.446 -> (3.2258064746, 3.1867058277, 3.2844574451, 3.2942326068, 3.2258064746, 3.2746822834)
00:03:26.897 -> (3.2355816364, 3.1964809894, 3.2893450260, 3.2991201877, 3.2258064746, 3.2649071216)
00:03:27.347 -> (3.2306940555, 3.1964809894, 3.3137829303, 3.2942326068, 3.2453567981, 3.2746822834)
00:03:27.798 -> (3.2404692173, 3.2258064746, 3.2991201877, 3.3040077686, 3.2502443790, 3.2697947025)
00:03:28.248 -> (3.2404692173, 3.2111437320, 3.2893450260, 3.3040077686, 3.2453567981, 3.2795698642)
00:03:28.699 -> (3.2453567981, 3.1867058277, 3.2649071216, 3.2942326068, 3.2600195407, 3.2795698642)
00:03:29.149 -> (3.2355816364, 3.1915934085, 3.2746822834, 3.2942326068, 3.2160313129, 3.2795698642)
00:03:29.600 -> (3.2355816364, 3.1720430850, 3.2942326068, 3.2991201877, 3.2209188938, 3.2697947025)
00:03:30.051 -> (3.2453567981, 3.1720430850, 3.2942326068, 3.2991201877, 3.2160313129, 3.2795698642)
00:03:30.502 -> (3.2306940555, 3.1671555042, 3.2942326068, 3.2991201877, 3.2111437320, 3.2697947025)
00:03:30.953 -> (3.2404692173, 3.1720430850, 3.2893450260, 3.2991201877, 3.2160313129, 3.2697947025)
00:03:31.403 -> (3.2355816364, 3.1427175998, 3.2844574451, 3.2893450260, 3.2013685703, 3.2649071216)
00:03:31.854 -> (3.2306940555, 3.1476051807, 3.2795698642, 3.2942326068, 3.2062561511, 3.2795698642)
00:03:32.304 -> (3.2404692173, 3.1427175998, 3.2502443790, 3.2942326068, 3.2209188938, 3.2600195407)
00:03:32.755 -> (3.2209188938, 3.1769306659, 3.2844574451, 3.2893450260, 3.2160313129, 3.2649071216)
00:03:33.206 -> (3.2306940555, 3.1867058277, 3.2844574451, 3.2942326068, 3.2209188938, 3.2649071216)
00:03:33.656 -> (3.2209188938, 3.1818182468, 3.2844574451, 3.2942326068, 3.2258064746, 3.2649071216)
00:03:34.107 -> (3.2258064746, 3.1915934085, 3.2844574451, 3.2942326068, 3.2306940555, 3.2600195407)
00:03:34.557 -> (3.2306940555, 3.1964809894, 3.2942326068, 3.2893450260, 3.2453567981, 3.2697947025)
00:03:35.008 -> (3.2404692173, 3.2209188938, 3.2942326068, 3.2991201877, 3.2502443790, 3.2746822834)
00:03:35.459 -> (3.2404692173, 3.2160313129, 3.2893450260, 3.3040077686, 3.2551319599, 3.2844574451)
00:03:35.910 -> (3.2404692173, 3.1915934085, 3.3088953495, 3.3040077686, 3.2355816364, 3.2844574451)
00:03:36.360 -> (3.2355816364, 3.1915934085, 3.3137829303, 3.3137829303, 3.2355816364, 3.2649071216)
00:03:36.811 -> (3.2306940555, 3.1818182468, 3.2942326068, 3.3040077686, 3.2258064746, 3.2746822834)
00:03:37.262 -> (3.2502443790, 3.1720430850, 3.2942326068, 3.2991201877, 3.2258064746, 3.2746822834)
00:03:37.712 -> (3.2355816364, 3.1622679233, 3.2942326068, 3.2991201877, 3.2160313129, 3.2697947025)
00:03:38.163 -> (3.2306940555, 3.1524927616, 3.2844574451, 3.2991201877, 3.2160313129, 3.2746822834)
00:03:38.613 -> (3.2355816364, 3.1622679233, 3.2893450260, 3.2942326068, 3.2062561511, 3.2746822834)
00:03:39.064 -> (3.2306940555, 3.1427175998, 3.2893450260, 3.2893450260, 3.2013685703, 3.2649071216)
00:03:39.514 -> (3.2258064746, 3.1427175998, 3.3186705112, 3.2942326068, 3.2013685703, 3.2502443790)
00:03:39.966 -> (3.2404692173, 3.1524927616, 3.3137829303, 3.2795698642, 3.2111437320, 3.2600195407)
00:03:40.417 -> (3.2404692173, 3.1720430850, 3.2942326068, 3.2893450260, 3.2160313129, 3.2649071216)
00:03:40.867 -> (3.2258064746, 3.1867058277, 3.2844574451, 3.2893450260, 3.2209188938, 3.2697947025)
00:03:41.318 -> (3.2258064746, 3.1867058277, 3.2893450260, 3.2942326068, 3.2209188938, 3.2697947025)
00:03:41.768 -> (3.2306940555, 3.1915934085, 3.2942326068, 3.2893450260, 3.2306940555, 3.2697947025)
00:03:42.219 -> (3.2355816364, 3.1964809894, 3.2991201877, 3.2942326068, 3.2453567981, 3.2746822834)
00:03:42.669 -> (3.2453567981, 3.2258064746, 3.2893450260, 3.2991201877, 3.2502443790, 3.2795698642)
00:03:43.120 -> (3.2404692173, 3.2111437320, 3.3040077686, 3.2942326068, 3.2551319599, 3.2746822834)
00:03:43.570 -> (3.2502443790, 3.2013685703, 3.2844574451, 3.2991201877, 3.2502443790, 3.2746822834)
00:03:44.021 -> (3.2404692173, 3.1818182468, 3.2942326068, 3.3040077686, 3.2355816364, 3.2649071216)
00:03:44.473 -> (3.2404692173, 3.1769306659, 3.2991201877, 3.2991201877, 3.2306940555, 3.2746822834)
00:03:44.923 -> (3.2404692173, 3.1720430850, 3.2942326068, 3.2991201877, 3.2209188938, 3.2746822834)
00:03:45.374 -> (3.2355816364, 3.1622679233, 3.2893450260, 3.2991201877, 3.2160313129, 3.2746822834)
00:03:45.824 -> (3.2355816364, 3.1622679233, 3.2942326068, 3.3040077686, 3.2160313129, 3.2746822834)
00:03:46.275 -> (3.2355816364, 3.1378300189, 3.2893450260, 3.2893450260, 3.2013685703, 3.2697947025)
00:03:46.725 -> (3.2258064746, 3.1427175998, 3.2844574451, 3.2942326068, 3.2062561511, 3.2697947025)
00:03:47.176 -> (3.2209188938, 3.1378300189, 3.2649071216, 3.2942326068, 3.2062561511, 3.2746822834)
00:03:47.627 -> (3.2111437320, 3.1671555042, 3.2844574451, 3.2893450260, 3.2111437320, 3.2649071216)
00:03:48.077 -> (3.2306940555, 3.1720430850, 3.2942326068, 3.2942326068, 3.2209188938, 3.2649071216)
00:03:48.528 -> (3.2306940555, 3.1818182468, 3.2893450260, 3.2942326068, 3.2258064746, 3.2649071216)
00:03:48.979 -> (3.2306940555, 3.1818182468, 3.2893450260, 3.2942326068, 3.2258064746, 3.2697947025)
00:03:49.430 -> (3.2355816364, 3.1915934085, 3.2893450260, 3.2991201877, 3.2355816364, 3.2697947025)
00:03:49.880 -> (3.2258064746, 3.2160313129, 3.2991201877, 3.3040077686, 3.2551319599, 3.2746822834)
00:03:50.331 -> (3.2453567981, 3.2111437320, 3.2991201877, 3.3040077686, 3.2551319599, 3.2844574451)
00:03:50.781 -> (3.2404692173, 3.2209188938, 3.2795698642, 3.2893450260, 3.2404692173, 3.2795698642)
00:03:51.232 -> (3.2306940555, 3.1915934085, 3.2942326068, 3.2991201877, 3.2258064746, 3.2844574451)
00:03:51.683 -> (3.2453567981, 3.1867058277, 3.2991201877, 3.3040077686, 3.2258064746, 3.2746822834)
00:03:52.133 -> (3.2404692173, 3.1818182468, 3.2991201877, 3.2991201877, 3.2209188938, 3.2746822834)
00:03:52.584 -> (3.2404692173, 3.1769306659, 3.2991201877, 3.2942326068, 3.2111437320, 3.2746822834)
00:03:53.035 -> (3.2404692173, 3.1769306659, 3.2942326068, 3.2942326068, 3.2160313129, 3.2746822834)
00:03:53.486 -> (3.2404692173, 3.1476051807, 3.2942326068, 3.2942326068, 3.2013685703, 3.2697947025)
00:03:53.936 -> (3.2355816364, 3.1573803424, 3.2844574451, 3.2942326068, 3.1964809894, 3.2697947025)
00:03:54.387 -> (3.2013685703, 3.1720430850, 3.3137829303, 3.2991201877, 3.1915934085, 3.2649071216)
00:03:54.838 -> (3.2306940555, 3.1818182468, 3.2942326068, 3.2893450260, 3.2160313129, 3.2697947025)
00:03:55.288 -> (3.2258064746, 3.1720430850, 3.2844574451, 3.2893450260, 3.2209188938, 3.2697947025)
00:03:55.739 -> (3.2258064746, 3.1915934085, 3.2893450260, 3.2942326068, 3.2209188938, 3.2746822834)
00:03:56.189 -> (3.2306940555, 3.1964809894, 3.2991201877, 3.2893450260, 3.2306940555, 3.2649071216)
00:03:56.640 -> (3.2306940555, 3.2209188938, 3.3040077686, 3.2991201877, 3.2502443790, 3.2746822834)
00:03:57.090 -> (3.2453567981, 3.2160313129, 3.3088953495, 3.3040077686, 3.2502443790, 3.2795698642)
00:03:57.542 -> (3.2502443790, 3.2258064746, 3.2649071216, 3.2893450260, 3.2209188938, 3.2600195407)
00:03:57.992 -> (3.2306940555, 3.1915934085, 3.3040077686, 3.2991201877, 3.2355816364, 3.2795698642)
00:03:58.443 -> (3.2355816364, 3.1720430850, 3.2991201877, 3.3040077686, 3.2209188938, 3.2795698642)
00:03:58.894 -> (3.2355816364, 3.1671555042, 3.2991201877, 3.2942326068, 3.2160313129, 3.2795698642)
00:03:59.344 -> (3.2355816364, 3.1622679233, 3.2942326068, 3.2942326068, 3.2111437320, 3.2746822834)
00:03:59.795 -> (3.2306940555, 3.1427175998, 3.2844574451, 3.2942326068, 3.2013685703, 3.2746822834)
00:04:00.245 -> (3.2355816364, 3.1573803424, 3.2893450260, 3.2942326068, 3.2013685703, 3.2649071216)
00:04:00.696 -> (3.2258064746, 3.1378300189, 3.2844574451, 3.2893450260, 3.1867058277, 3.2649071216)
00:04:01.146 -> (3.2306940555, 3.1818182468, 3.2893450260, 3.2893450260, 3.2160313129, 3.2649071216)
00:04:01.597 -> (3.2258064746, 3.1818182468, 3.2942326068, 3.2893450260, 3.2160313129, 3.2649071216)
00:04:02.049 -> (3.2258064746, 3.1915934085, 3.2942326068, 3.2942326068, 3.2258064746, 3.2697947025)
00:04:02.499 -> (3.2258064746, 3.1964809894, 3.2942326068, 3.2942326068, 3.2306940555, 3.2697947025)
00:04:02.950 -> (3.2453567981, 3.2258064746, 3.3137829303, 3.3040077686, 3.2502443790, 3.2795698642)
00:04:03.400 -> (3.2404692173, 3.2209188938, 3.3040077686, 3.3040077686, 3.2551319599, 3.2893450260)
00:04:03.851 -> (3.2258064746, 3.2062561511, 3.2795698642, 3.2942326068, 3.2453567981, 3.2844574451)
00:04:04.301 -> (3.2404692173, 3.1964809894, 3.2991201877, 3.2991201877, 3.2209188938, 3.2795698642)
00:04:04.752 -> (3.2355816364, 3.1671555042, 3.2942326068, 3.2991201877, 3.2209188938, 3.2795698642)
00:04:05.202 -> (3.2404692173, 3.1622679233, 3.2942326068, 3.2991201877, 3.2160313129, 3.2746822834)
00:04:05.653 -> (3.2306940555, 3.1671555042, 3.2991201877, 3.2991201877, 3.2160313129, 3.2697947025)
00:04:06.104 -> (3.2355816364, 3.1427175998, 3.2991201877, 3.2893450260, 3.2062561511, 3.2697947025)
00:04:06.555 -> (3.2258064746, 3.1427175998, 3.2893450260, 3.3088953495, 3.2111437320, 3.2746822834)
00:04:07.006 -> (3.2355816364, 3.1524927616, 3.2649071216, 3.2893450260, 3.2160313129, 3.2649071216)
00:04:07.456 -> (3.2209188938, 3.1769306659, 3.2942326068, 3.2893450260, 3.2209188938, 3.2697947025)
00:04:07.907 -> (3.2258064746, 3.1769306659, 3.2893450260, 3.2942326068, 3.2209188938, 3.2697947025)
00:04:08.357 -> (3.2258064746, 3.1915934085, 3.2942326068, 3.2893450260, 3.2258064746, 3.2746822834)
00:04:08.808 -> (3.2306940555, 3.1964809894, 3.2991201877, 3.2942326068, 3.2355816364, 3.2746822834)
00:04:09.259 -> (3.2355816364, 3.2258064746, 3.2991201877, 3.2795698642, 3.2453567981, 3.2795698642)
00:04:09.709 -> (3.2355816364, 3.2160313129, 3.3088953495, 3.2844574451, 3.2355816364, 3.2697947025)
00:04:10.160 -> (3.2160313129, 3.2160313129, 3.3186705112, 3.2600195407, 3.2453567981, 3.2844574451)
00:04:10.610 -> (3.2355816364, 3.1769306659, 3.3040077686, 3.2795698642, 3.2160313129, 3.2795698642)
00:04:11.061 -> (3.2404692173, 3.1671555042, 3.3040077686, 3.2746822834, 3.2209188938, 3.2795698642)
00:04:11.512 -> (3.2404692173, 3.1622679233, 3.2991201877, 3.2795698642, 3.2062561511, 3.2746822834)
00:04:11.963 -> (3.2355816364, 3.1622679233, 3.2942326068, 3.2697947025, 3.2111437320, 3.2697947025)
00:04:12.413 -> (3.2258064746, 3.1427175998, 3.2942326068, 3.2697947025, 3.1915934085, 3.2649071216)
00:04:12.864 -> (3.2258064746, 3.1573803424, 3.2844574451, 3.2697947025, 3.1964809894, 3.2746822834)
00:04:13.315 -> (3.2160313129, 3.1769306659, 3.2600195407, 3.2502443790, 3.2111437320, 3.2649071216)
00:04:13.765 -> (3.2306940555, 3.1818182468, 3.2942326068, 3.2649071216, 3.2111437320, 3.2697947025)
00:04:14.216 -> (3.2258064746, 3.1915934085, 3.2893450260, 3.2697947025, 3.2209188938, 3.2746822834)
00:04:14.666 -> (3.2355816364, 3.2013685703, 3.2942326068, 3.2697947025, 3.2258064746, 3.2746822834)
00:04:15.117 -> (3.2306940555, 3.2111437320, 3.3040077686, 3.2746822834, 3.2453567981, 3.2746822834)
00:04:15.567 -> (3.2355816364, 3.2306940555, 3.3137829303, 3.2844574451, 3.2502443790, 3.2844574451)
00:04:16.019 -> (3.2355816364, 3.2258064746, 3.3088953495, 3.2893450260, 3.2355816364, 3.2697947025)
00:04:16.470 -> (3.2404692173, 3.1964809894, 3.2991201877, 3.2795698642, 3.2355816364, 3.2746822834)
00:04:16.920 -> (3.2355816364, 3.1720430850, 3.3040077686, 3.2746822834, 3.2209188938, 3.2795698642)
00:04:17.371 -> (3.2355816364, 3.1671555042, 3.2991201877, 3.2746822834, 3.2209188938, 3.2844574451)
00:04:17.821 -> (3.2355816364, 3.1573803424, 3.3040077686, 3.2746822834, 3.2160313129, 3.2697947025)
00:04:18.272 -> (3.2404692173, 3.1427175998, 3.2893450260, 3.2697947025, 3.2013685703, 3.2697947025)
00:04:18.722 -> (3.2258064746, 3.1476051807, 3.2893450260, 3.2697947025, 3.2013685703, 3.2551319599)
00:04:19.173 -> (3.2306940555, 3.1720430850, 3.2991201877, 3.2697947025, 3.1915934085, 3.2746822834)
00:04:19.623 -> (3.2306940555, 3.1720430850, 3.2942326068, 3.2697947025, 3.2160313129, 3.2697947025)
00:04:20.074 -> (3.2306940555, 3.1769306659, 3.2991201877, 3.2746822834, 3.2160313129, 3.2649071216)
00:04:20.526 -> (3.2306940555, 3.1915934085, 3.2942326068, 3.2746822834, 3.2209188938, 3.2746822834)
00:04:20.976 -> (3.2355816364, 3.2160313129, 3.3186705112, 3.2649071216, 3.2453567981, 3.2649071216)
00:04:21.427 -> (3.2404692173, 3.2111437320, 3.2991201877, 3.2795698642, 3.2502443790, 3.2795698642)
00:04:21.877 -> (3.2600195407, 3.2013685703, 3.3235580921, 3.2649071216, 3.2258064746, 3.2893450260)
00:04:22.328 -> (3.2306940555, 3.1818182468, 3.2795698642, 3.2844574451, 3.2209188938, 3.2844574451)
00:04:22.778 -> (3.2404692173, 3.1769306659, 3.2991201877, 3.2844574451, 3.2160313129, 3.2844574451)
00:04:23.229 -> (3.2306940555, 3.1622679233, 3.2942326068, 3.2795698642, 3.2111437320, 3.2746822834)
00:04:23.680 -> (3.2404692173, 3.1622679233, 3.2942326068, 3.2795698642, 3.2111437320, 3.2746822834)
00:04:24.131 -> (3.2306940555, 3.1427175998, 3.2942326068, 3.2746822834, 3.1915934085, 3.2746822834)
00:04:24.582 -> (3.2209188938, 3.1427175998, 3.2942326068, 3.2697947025, 3.2013685703, 3.2795698642)
00:04:25.032 -> (3.2160313129, 3.1573803424, 3.2502443790, 3.2551319599, 3.2062561511, 3.2649071216)
00:04:25.483 -> (3.2258064746, 3.1867058277, 3.2844574451, 3.2697947025, 3.2111437320, 3.2697947025)
00:04:25.933 -> (3.2306940555, 3.1769306659, 3.2893450260, 3.2697947025, 3.2160313129, 3.2649071216)
00:04:26.384 -> (3.2306940555, 3.1769306659, 3.2893450260, 3.2697947025, 3.2209188938, 3.2697947025)
00:04:26.834 -> (3.2306940555, 3.1818182468, 3.2893450260, 3.2795698642, 3.2306940555, 3.2746822834)
00:04:27.285 -> (3.2404692173, 3.2209188938, 3.2991201877, 3.2795698642, 3.2502443790, 3.2844574451)
00:04:27.736 -> (3.2355816364, 3.2111437320, 3.3137829303, 3.2844574451, 3.2649071216, 3.2893450260)
00:04:28.186 -> (3.2502443790, 3.1720430850, 3.3088953495, 3.2795698642, 3.2355816364, 3.2795698642)
00:04:28.638 -> (3.2258064746, 3.1720430850, 3.2991201877, 3.2844574451, 3.2209188938, 3.2795698642)
00:04:29.088 -> (3.2355816364, 3.1720430850, 3.2991201877, 3.2844574451, 3.2160313129, 3.2795698642)
00:04:29.539 -> (3.2355816364, 3.1671555042, 3.3040077686, 3.2795698642, 3.2062561511, 3.2746822834)
00:04:29.989 -> (3.2355816364, 3.1622679233, 3.2942326068, 3.2795698642, 3.2160313129, 3.2697947025)
00:04:30.440 -> (3.2258064746, 3.1427175998, 3.2844574451, 3.2697947025, 3.1964809894, 3.2697947025)
00:04:30.891 -> (3.2404692173, 3.1476051807, 3.3137829303, 3.2649071216, 3.2111437320, 3.2600195407)
00:04:31.341 -> (3.2355816364, 3.1524927616, 3.2893450260, 3.2746822834, 3.2111437320, 3.2746822834)
00:04:31.792 -> (3.2258064746, 3.1769306659, 3.2942326068, 3.2697947025, 3.2160313129, 3.2649071216)
00:04:32.242 -> (3.2306940555, 3.1769306659, 3.2942326068, 3.2746822834, 3.2209188938, 3.2697947025)
00:04:32.693 -> (3.2306940555, 3.1867058277, 3.2942326068, 3.2697947025, 3.2258064746, 3.2746822834)
00:04:33.144 -> (3.2355816364, 3.2160313129, 3.3088953495, 3.2844574451, 3.2502443790, 3.2746822834)
00:04:33.595 -> (3.2355816364, 3.2062561511, 3.3040077686, 3.2844574451, 3.2404692173, 3.2795698642)
00:04:34.045 -> (3.2502443790, 3.1964809894, 3.3137829303, 3.2893450260, 3.2160313129, 3.2746822834)
00:04:34.496 -> (3.2355816364, 3.1818182468, 3.3088953495, 3.2795698642, 3.2209188938, 3.2795698642)
00:04:34.947 -> (3.2404692173, 3.1769306659, 3.2991201877, 3.2746822834, 3.2160313129, 3.2746822834)
00:04:35.397 -> (3.2306940555, 3.1622679233, 3.2942326068, 3.2795698642, 3.2111437320, 3.2795698642)
00:04:35.848 -> (3.2355816364, 3.1671555042, 3.2991201877, 3.2795698642, 3.2062561511, 3.2795698642)
00:04:36.298 -> (3.2306940555, 3.1427175998, 3.2942326068, 3.2746822834, 3.1915934085, 3.2649071216)
00:04:36.750 -> (3.2258064746, 3.1524927616, 3.2697947025, 3.2697947025, 3.2013685703, 3.2746822834)
00:04:37.200 -> (3.2355816364, 3.1573803424, 3.2551319599, 3.2697947025, 3.2111437320, 3.2697947025)
00:04:37.651 -> (3.2258064746, 3.1720430850, 3.2893450260, 3.2697947025, 3.2160313129, 3.2697947025)
00:04:38.102 -> (3.2306940555, 3.1769306659, 3.2942326068, 3.2746822834, 3.2209188938, 3.2697947025)
00:04:38.552 -> (3.2306940555, 3.1915934085, 3.2942326068, 3.2746822834, 3.2258064746, 3.2746822834)
00:04:39.003 -> (3.2355816364, 3.2209188938, 3.3040077686, 3.2795698642, 3.2404692173, 3.2795698642)
00:04:39.453 -> (3.2355816364, 3.2258064746, 3.3088953495, 3.2844574451, 3.2453567981, 3.2893450260)
00:04:39.904 -> (3.2502443790, 3.2160313129, 3.3333332538, 3.2697947025, 3.2160313129, 3.2649071216)
00:04:40.354 -> (3.2404692173, 3.1818182468, 3.3040077686, 3.2697947025, 3.2306940555, 3.2795698642)
00:04:40.805 -> (3.2404692173, 3.1769306659, 3.2991201877, 3.2844574451, 3.2258064746, 3.2795698642)
00:04:41.256 -> (3.2404692173, 3.1720430850, 3.2942326068, 3.2795698642, 3.2258064746, 3.2795698642)
00:04:41.707 -> (3.2355816364, 3.1622679233, 3.2991201877, 3.2795698642, 3.2209188938, 3.2795698642)
00:04:42.158 -> (3.2355816364, 3.1427175998, 3.2942326068, 3.2746822834, 3.2062561511, 3.2697947025)
00:04:42.608 -> (3.2258064746, 3.1476051807, 3.2893450260, 3.2697947025, 3.2258064746, 3.2795698642)
00:04:43.059 -> (3.2209188938, 3.1720430850, 3.3186705112, 3.2697947025, 3.2258064746, 3.2649071216)
00:04:43.509 -> (3.2306940555, 3.1769306659, 3.2942326068, 3.2697947025, 3.2355816364, 3.2697947025)
00:04:43.960 -> (3.2258064746, 3.1720430850, 3.2942326068, 3.2746822834, 3.2355816364, 3.2746822834)
00:04:44.410 -> (3.2355816364, 3.1867058277, 3.2991201877, 3.2746822834, 3.2404692173, 3.2746822834)
00:04:44.861 -> (3.2355816364, 3.2062561511, 3.3137829303, 3.2844574451, 3.2649071216, 3.2844574451)
00:04:45.313 -> (3.2453567981, 3.2111437320, 3.3040077686, 3.2893450260, 3.2697947025, 3.2795698642)
00:04:45.763 -> (3.2453567981, 3.1720430850, 3.2697947025, 3.3040077686, 3.2453567981, 3.2746822834)
00:04:46.214 -> (3.2306940555, 3.1818182468, 3.3088953495, 3.2795698642, 3.2404692173, 3.2795698642)
00:04:46.664 -> (3.2502443790, 3.1720430850, 3.3040077686, 3.2844574451, 3.2306940555, 3.2746822834)
00:04:47.115 -> (3.2502443790, 3.1622679233, 3.2991201877, 3.2844574451, 3.2306940555, 3.2746822834)
00:04:47.565 -> (3.2502443790, 3.1622679233, 3.2991201877, 3.2795698642, 3.2258064746, 3.2795698642)
00:04:48.016 -> (3.2502443790, 3.1427175998, 3.2844574451, 3.2746822834, 3.2160313129, 3.2697947025)
00:04:48.466 -> (3.2502443790, 3.1524927616, 3.3284456729, 3.2746822834, 3.2355816364, 3.2697947025)
00:04:48.917 -> (3.2453567981, 3.1720430850, 3.2991201877, 3.2795698642, 3.2160313129, 3.2600195407)
00:04:49.369 -> (3.2502443790, 3.1818182468, 3.2893450260, 3.2746822834, 3.2355816364, 3.2697947025)
00:04:49.819 -> (3.2551319599, 3.1867058277, 3.2893450260, 3.2746822834, 3.2355816364, 3.2697947025)
00:04:50.270 -> (3.2551319599, 3.1915934085, 3.2991201877, 3.2746822834, 3.2453567981, 3.2746822834)
00:04:50.720 -> (3.2600195407, 3.2306940555, 3.2942326068, 3.2844574451, 3.2551319599, 3.2795698642)
00:04:51.171 -> (3.2649071216, 3.2258064746, 3.3088953495, 3.2844574451, 3.2600195407, 3.2697947025)
00:04:51.621 -> (3.2844574451, 3.2013685703, 3.3284456729, 3.2893450260, 3.2551319599, 3.2844574451)
00:04:52.072 -> (3.2551319599, 3.1818182468, 3.3040077686, 3.2795698642, 3.2404692173, 3.2697947025)
00:04:52.523 -> (3.2697947025, 3.1720430850, 3.2991201877, 3.2844574451, 3.2355816364, 3.2795698642)
00:04:52.973 -> (3.2649071216, 3.1671555042, 3.2991201877, 3.2795698642, 3.2306940555, 3.2795698642)
00:04:53.424 -> (3.2600195407, 3.1720430850, 3.2991201877, 3.2795698642, 3.2160313129, 3.2697947025)
00:04:53.874 -> (3.2600195407, 3.1476051807, 3.2942326068, 3.2697947025, 3.2160313129, 3.2697947025)
00:04:54.326 -> (3.2355816364, 3.1378300189, 3.2697947025, 3.2697947025, 3.2013685703, 3.2600195407)
00:04:54.776 -> (3.2697947025, 3.1622679233, 3.3040077686, 3.2746822834, 3.2209188938, 3.2649071216)
00:04:55.227 -> (3.2551319599, 3.1867058277, 3.2942326068, 3.2746822834, 3.2355816364, 3.2697947025)
00:04:55.677 -> (3.2551319599, 3.1867058277, 3.2942326068, 3.2697947025, 3.2453567981, 3.2746822834)
00:04:56.128 -> (3.2649071216, 3.1964809894, 3.2942326068, 3.2795698642, 3.2600195407, 3.2746822834)
00:04:56.579 -> (3.2649071216, 3.2258064746, 3.2942326068, 3.2795698642, 3.2551319599, 3.2746822834)
00:04:57.029 -> (3.2697947025, 3.2209188938, 3.3088953495, 3.2746822834, 3.2795698642, 3.2893450260)
00:04:57.480 -> (3.2746822834, 3.1818182468, 3.3235580921, 3.2893450260, 3.2502443790, 3.2844574451)
00:04:57.930 -> (3.2649071216, 3.1818182468, 3.3040077686, 3.2844574451, 3.2355816364, 3.2795698642)
00:04:58.382 -> (3.2746822834, 3.1671555042, 3.3040077686, 3.2893450260, 3.2355816364, 3.2795698642)
00:04:58.832 -> (3.2600195407, 3.1622679233, 3.2991201877, 3.2844574451, 3.2258064746, 3.2795698642)
00:04:59.283 -> (3.2697947025, 3.1671555042, 3.2991201877, 3.2795698642, 3.2258064746, 3.2697947025)
00:04:59.734 -> (3.2551319599, 3.1427175998, 3.2844574451, 3.2746822834, 3.2160313129, 3.2697947025)
00:05:00.184 -> (3.2649071216, 3.1427175998, 3.3186705112, 3.2795698642, 3.2209188938, 3.2746822834)
00:05:00.635 -> (3.2600195407, 3.1720430850, 3.3088953495, 3.2795698642, 3.2258064746, 3.2746822834)
