00:00:00.010 -> (3.4604105949, 3.4213099479, 3.1378300189, 3.3870968818, 3.3870968818, 3.4310851097)
00:00:00.138 -> (3.4164223670, 3.3919844627, 3.1085042953, 3.3431084156, 3.3577711582, 3.3919844627)
00:00:00.246 -> (3.4213099479, 3.3968720436, 3.1085042953, 3.3382208347, 3.3577711582, 3.3968720436)
00:00:00.353 -> (3.4164223670, 3.3968720436, 3.1133918762, 3.3577711582, 3.3577711582, 3.3968720436)
00:00:00.458 -> (3.4213099479, 3.4017596244, 3.1085042953, 3.3528835773, 3.3675463199, 3.4017596244)
00:00:00.567 -> (3.4164223670, 3.4017596244, 3.1085042953, 3.3235580921, 3.3626587390, 3.3919844627)
00:00:00.670 -> (3.4164223670, 3.3968720436, 3.0987291336, 3.3382208347, 3.3528835773, 3.3870968818)
00:00:00.777 -> (3.4115347862, 3.4066472053, 3.0938415527, 3.3577711582, 3.3675463199, 3.3968720436)
00:00:00.883 -> (3.4164223670, 3.4017596244, 3.0987291336, 3.3382208347, 3.3577711582, 3.3919844627)
00:00:00.989 -> (3.4213099479, 3.3968720436, 3.1036167144, 3.3284456729, 3.3528835773, 3.3919844627)
00:00:01.097 -> (3.4213099479, 3.3968720436, 3.1085042953, 3.3431084156, 3.3479959964, 3.3870968818)
00:00:01.201 -> (3.4261975288, 3.4017596244, 3.1085042953, 3.3235580921, 3.3479959964, 3.3968720436)
00:00:01.307 -> (3.4164223670, 3.3968720436, 3.1036167144, 3.3382208347, 3.3577711582, 3.3968720436)
00:00:01.414 -> (3.4213099479, 3.3968720436, 3.1036167144, 3.3333332538, 3.3577711582, 3.3919844627)
00:00:01.519 -> (3.4066472053, 3.3870968818, 3.0889539718, 3.3382208347, 3.3577711582, 3.3870968818)
00:00:01.628 -> (3.4213099479, 3.3968720436, 3.1036167144, 3.3040077686, 3.3528835773, 3.3919844627)
00:00:01.731 -> (3.4213099479, 3.4017596244, 3.1085042953, 3.3235580921, 3.3479959964, 3.3870968818)
00:00:01.838 -> (3.4164223670, 3.3968720436, 3.1036167144, 3.3528835773, 3.3577711582, 3.3870968818)
00:00:01.944 -> (3.4164223670, 3.4017596244, 3.1036167144, 3.3577711582, 3.3479959964, 3.3968720436)
00:00:02.050 -> (3.4213099479, 3.3968720436, 3.0987291336, 3.3382208347, 3.3528835773, 3.3870968818)
00:00:02.158 -> (3.4213099479, 3.3968720436, 3.1036167144, 3.3040077686, 3.3528835773, 3.3968720436)
00:00:02.262 -> (3.4213099479, 3.3919844627, 3.0987291336, 3.3577711582, 3.3577711582, 3.3919844627)
00:00:02.368 -> (3.4213099479, 3.4017596244, 3.0889539718, 3.3479959964, 3.3431084156, 3.3822093009)
00:00:02.473 -> (3.4164223670, 3.3919844627, 3.0938415527, 3.3528835773, 3.3626587390, 3.3870968818)
00:00:02.580 -> (3.4213099479, 3.3968720436, 3.0987291336, 3.3088953495, 3.3577711582, 3.3919844627)
00:00:02.689 -> (3.4213099479, 3.3870968818, 3.0938415527, 3.3235580921, 3.3577711582, 3.3919844627)
00:00:02.792 -> (3.4164223670, 3.3919844627, 3.0889539718, 3.3626587390, 3.3626587390, 3.3968720436)
00:00:02.898 -> (3.4261975288, 3.3968720436, 3.0987291336, 3.3284456729, 3.3577711582, 3.3919844627)
00:00:03.004 -> (3.4213099479, 3.3968720436, 3.0987291336, 3.3186705112, 3.3479959964, 3.3919844627)
00:00:03.110 -> (3.4261975288, 3.4017596244, 3.1036167144, 3.3382208347, 3.3577711582, 3.3822093009)
00:00:03.220 -> (3.4164223670, 3.3870968818, 3.0987291336, 3.3382208347, 3.3528835773, 3.3822093009)
00:00:03.322 -> (3.4164223670, 3.3968720436, 3.0987291336, 3.3040077686, 3.3479959964, 3.3870968818)
00:00:03.429 -> (3.4213099479, 3.3968720436, 3.0938415527, 3.3577711582, 3.3626587390, 3.3919844627)
00:00:03.534 -> (3.4213099479, 3.3968720436, 3.0938415527, 3.3479959964, 3.3528835773, 3.3919844627)
00:00:03.641 -> (3.4164223670, 3.3919844627, 3.0938415527, 3.3577711582, 3.3626587390, 3.3870968818)
00:00:03.749 -> (3.4261975288, 3.3919844627, 3.0987291336, 3.3675463199, 3.3577711582, 3.3919844627)
00:00:03.853 -> (3.4164223670, 3.3919844627, 3.1036167144, 3.3479959964, 3.3528835773, 3.3870968818)
00:00:03.959 -> (3.4261975288, 3.3968720436, 3.0987291336, 3.3284456729, 3.3577711582, 3.3773214817)
00:00:04.065 -> (3.4164223670, 3.3968720436, 3.0987291336, 3.3284456729, 3.3528835773, 3.3919844627)
00:00:04.171 -> (3.4213099479, 3.3919844627, 3.0938415527, 3.3137829303, 3.3479959964, 3.3870968818)
00:00:04.280 -> (3.4213099479, 3.3919844627, 3.0889539718, 3.3675463199, 3.3577711582, 3.3919844627)
00:00:04.383 -> (3.4213099479, 3.3968720436, 3.0987291336, 3.3333332538, 3.3528835773, 3.3968720436)
00:00:04.490 -> (3.4164223670, 3.3919844627, 3.0889539718, 3.3284456729, 3.3577711582, 3.3822093009)
00:00:04.595 -> (3.4213099479, 3.3968720436, 3.0987291336, 3.3382208347, 3.3528835773, 3.3968720436)
00:00:04.702 -> (3.4261975288, 3.3968720436, 3.1036167144, 3.2991201877, 3.3577711582, 3.3822093009)
00:00:04.810 -> (3.4310851097, 3.3968720436, 3.1085042953, 3.3479959964, 3.3528835773, 3.3919844627)
00:00:04.914 -> (3.4213099479, 3.3968720436, 3.0987291336, 3.3333332538, 3.3528835773, 3.3870968818)
00:00:05.020 -> (3.4164223670, 3.3870968818, 3.0938415527, 3.3382208347, 3.3528835773, 3.3822093009)
00:00:05.126 -> (3.4213099479, 3.3919844627, 3.0987291336, 3.3235580921, 3.3528835773, 3.3919844627)
00:00:05.232 -> (3.4213099479, 3.3919844627, 3.0840663909, 3.3235580921, 3.3528835773, 3.3919844627)
00:00:05.341 -> (3.4213099479, 3.3919844627, 3.0889539718, 3.3382208347, 3.3528835773, 3.3870968818)
00:00:05.444 -> (3.4213099479, 3.3968720436, 3.1036167144, 3.3333332538, 3.3577711582, 3.3919844627)
00:00:05.551 -> (3.4213099479, 3.3968720436, 3.1036167144, 3.3382208347, 3.3577711582, 3.3919844627)
00:00:05.656 -> (3.4213099479, 3.3919844627, 3.0987291336, 3.3382208347, 3.3528835773, 3.3870968818)
00:00:05.763 -> (3.4213099479, 3.3919844627, 3.0987291336, 3.3333332538, 3.3528835773, 3.3919844627)
00:00:05.871 -> (3.4164223670, 3.3870968818, 3.0938415527, 3.3431084156, 3.3528835773, 3.3870968818)
00:00:05.975 -> (3.4213099479, 3.3919844627, 3.0791788101, 3.3137829303, 3.3479959964, 3.3919844627)
00:00:06.081 -> (3.4261975288, 3.3919844627, 3.0840663909, 3.3137829303, 3.3479959964, 3.3870968818)
00:00:06.187 -> (3.4213099479, 3.3919844627, 3.0938415527, 3.3186705112, 3.3528835773, 3.3822093009)
00:00:06.293 -> (3.4261975288, 3.3870968818, 3.0987291336, 3.3577711582, 3.3528835773, 3.3822093009)
00:00:06.402 -> (3.4164223670, 3.3870968818, 3.0987291336, 3.3235580921, 3.3528835773, 3.3870968818)
00:00:06.505 -> (3.4164223670, 3.3870968818, 3.0938415527, 3.3235580921, 3.3479959964, 3.3870968818)
00:00:06.610 -> (3.4115347862, 3.3968720436, 3.1036167144, 3.3382208347, 3.3431084156, 3.3870968818)
00:00:06.717 -> (3.4164223670, 3.3870968818, 3.0987291336, 3.3088953495, 3.3528835773, 3.3919844627)
00:00:06.823 -> (3.4164223670, 3.3822093009, 3.0889539718, 3.3626587390, 3.3479959964, 3.3870968818)
00:00:06.932 -> (3.4261975288, 3.3870968818, 3.0889539718, 3.3479959964, 3.3626587390, 3.3870968818)
00:00:07.035 -> (3.4310851097, 3.3870968818, 3.1036167144, 3.3333332538, 3.3626587390, 3.3870968818)
00:00:07.141 -> (3.4261975288, 3.3870968818, 3.0938415527, 3.3626587390, 3.3577711582, 3.3919844627)
00:00:07.247 -> (3.4261975288, 3.3968720436, 3.0791788101, 3.3088953495, 3.3626587390, 3.3919844627)
00:00:07.354 -> (3.4164223670, 3.3822093009, 3.0987291336, 3.3284456729, 3.3479959964, 3.3822093009)
00:00:07.462 -> (3.4261975288, 3.3870968818, 3.0938415527, 3.3382208347, 3.3577711582, 3.3870968818)
00:00:07.566 -> (3.4213099479, 3.3870968818, 3.1085042953, 3.3186705112, 3.3577711582, 3.3822093009)
00:00:07.671 -> (3.4164223670, 3.3822093009, 3.0889539718, 3.3626587390, 3.3577711582, 3.3822093009)
00:00:07.778 -> (3.4213099479, 3.3822093009, 3.0987291336, 3.3382208347, 3.3479959964, 3.3773214817)
00:00:07.884 -> (3.4261975288, 3.3724339008, 3.0889539718, 3.3479959964, 3.3528835773, 3.3919844627)
00:00:07.993 -> (3.4261975288, 3.3724339008, 3.0938415527, 3.3382208347, 3.3528835773, 3.3870968818)
00:00:08.096 -> (3.4261975288, 3.3870968818, 3.0840663909, 3.3235580921, 3.3577711582, 3.3822093009)
00:00:08.203 -> (3.4213099479, 3.3773214817, 3.0889539718, 3.3773214817, 3.3528835773, 3.3773214817)
00:00:08.308 -> (3.4213099479, 3.3870968818, 3.0938415527, 3.3626587390, 3.3577711582, 3.3773214817)
00:00:08.415 -> (3.4213099479, 3.3822093009, 3.1036167144, 3.3333332538, 3.3479959964, 3.3870968818)
00:00:08.523 -> (3.4164223670, 3.3822093009, 3.0938415527, 3.2991201877, 3.3431084156, 3.3870968818)
00:00:08.627 -> (3.4115347862, 3.3724339008, 3.0791788101, 3.3186705112, 3.3577711582, 3.3919844627)
00:00:08.733 -> (3.4213099479, 3.3773214817, 3.0791788101, 3.3626587390, 3.3528835773, 3.3773214817)
00:00:08.839 -> (3.4213099479, 3.3773214817, 3.0791788101, 3.3333332538, 3.3528835773, 3.3822093009)
00:00:08.945 -> (3.4213099479, 3.3822093009, 3.0889539718, 3.3333332538, 3.3528835773, 3.3870968818)
00:00:09.054 -> (3.4164223670, 3.3773214817, 3.0889539718, 3.3382208347, 3.3479959964, 3.3822093009)
00:00:09.157 -> (3.4164223670, 3.3773214817, 3.0938415527, 3.3284456729, 3.3528835773, 3.3870968818)
00:00:09.263 -> (3.4213099479, 3.3822093009, 3.0938415527, 3.3382208347, 3.3528835773, 3.3919844627)
00:00:09.369 -> (3.4164223670, 3.3724339008, 3.0938415527, 3.3333332538, 3.3479959964, 3.3822093009)
00:00:09.476 -> (3.4261975288, 3.3773214817, 3.0840663909, 3.3479959964, 3.3431084156, 3.3870968818)
00:00:09.588 -> (3.4164223670, 3.3724339008, 3.0840663909, 3.3431084156, 3.3431084156, 3.3773214817)
00:00:09.688 -> (3.4164223670, 3.3724339008, 3.0791788101, 3.3382208347, 3.3479959964, 3.3773214817)
00:00:09.793 -> (3.4115347862, 3.3724339008, 3.0889539718, 3.3333332538, 3.3528835773, 3.3822093009)
00:00:09.900 -> (3.4261975288, 3.3773214817, 3.0889539718, 3.3382208347, 3.3528835773, 3.3724339008)
00:00:10.006 -> (3.4213099479, 3.3724339008, 3.0889539718, 3.3235580921, 3.3528835773, 3.3773214817)
00:00:10.115 -> (3.4115347862, 3.3724339008, 3.0889539718, 3.3333332538, 3.3528835773, 3.3822093009)
00:00:10.218 -> (3.4066472053, 3.3724339008, 3.0889539718, 3.3333332538, 3.3479959964, 3.3822093009)
00:00:10.323 -> (3.4213099479, 3.3773214817, 3.0889539718, 3.3382208347, 3.3528835773, 3.3675463199)
00:00:10.430 -> (3.4213099479, 3.3724339008, 3.0840663909, 3.3431084156, 3.3528835773, 3.3822093009)
00:00:10.536 -> (3.4164223670, 3.3773214817, 3.0791788101, 3.3284456729, 3.3479959964, 3.3822093009)
00:00:10.645 -> (3.4213099479, 3.3724339008, 3.0987291336, 3.3284456729, 3.3431084156, 3.3870968818)
00:00:10.748 -> (3.4261975288, 3.3773214817, 3.0889539718, 3.2893450260, 3.3479959964, 3.3822093009)
00:00:10.854 -> (3.4115347862, 3.3724339008, 3.0889539718, 3.3724339008, 3.3577711582, 3.3773214817)
00:00:10.960 -> (3.4213099479, 3.3724339008, 3.0938415527, 3.3284456729, 3.3528835773, 3.3870968818)
00:00:11.067 -> (3.4213099479, 3.3626587390, 3.0840663909, 3.3235580921, 3.3528835773, 3.3870968818)
00:00:11.175 -> (3.4261975288, 3.3773214817, 3.0889539718, 3.3186705112, 3.3528835773, 3.3822093009)
00:00:11.279 -> (3.4213099479, 3.3724339008, 3.0840663909, 3.3382208347, 3.3528835773, 3.3822093009)
00:00:11.384 -> (3.4115347862, 3.3724339008, 3.0791788101, 3.3186705112, 3.3479959964, 3.3870968818)
00:00:11.491 -> (3.4164223670, 3.3724339008, 3.0889539718, 3.3431084156, 3.3577711582, 3.3870968818)
00:00:11.596 -> (3.4213099479, 3.3724339008, 3.0742912292, 3.3626587390, 3.3528835773, 3.3870968818)
00:00:11.706 -> (3.4164223670, 3.3773214817, 3.0889539718, 3.3137829303, 3.3431084156, 3.3822093009)
00:00:11.809 -> (3.4213099479, 3.3675463199, 3.0938415527, 3.3284456729, 3.3528835773, 3.3870968818)
00:00:11.915 -> (3.4164223670, 3.3724339008, 3.0889539718, 3.3088953495, 3.3577711582, 3.3870968818)
00:00:12.021 -> (3.4164223670, 3.3724339008, 3.0840663909, 3.3333332538, 3.3479959964, 3.3822093009)
00:00:12.127 -> (3.4261975288, 3.3724339008, 3.0840663909, 3.3577711582, 3.3528835773, 3.3870968818)
00:00:12.236 -> (3.4164223670, 3.3675463199, 3.0791788101, 3.3186705112, 3.3528835773, 3.3870968818)
00:00:12.340 -> (3.4213099479, 3.3724339008, 3.0791788101, 3.3382208347, 3.3479959964, 3.3773214817)
00:00:12.445 -> (3.4261975288, 3.3773214817, 3.0742912292, 3.3088953495, 3.3577711582, 3.3870968818)
00:00:12.552 -> (3.4164223670, 3.3626587390, 3.0742912292, 3.3382208347, 3.3479959964, 3.3773214817)
00:00:12.658 -> (3.4213099479, 3.3773214817, 3.0791788101, 3.3382208347, 3.3479959964, 3.3919844627)
00:00:12.767 -> (3.4066472053, 3.3724339008, 3.0742912292, 3.3333332538, 3.3431084156, 3.3724339008)
00:00:12.870 -> (3.4164223670, 3.3577711582, 3.0889539718, 3.3773214817, 3.3528835773, 3.3773214817)
00:00:12.976 -> (3.4213099479, 3.3675463199, 3.0938415527, 3.3235580921, 3.3431084156, 3.3822093009)
00:00:13.082 -> (3.4213099479, 3.3675463199, 3.1036167144, 3.3382208347, 3.3528835773, 3.3822093009)
00:00:13.188 -> (3.4213099479, 3.3626587390, 3.0987291336, 3.3577711582, 3.3382208347, 3.3773214817)
00:00:13.297 -> (3.4164223670, 3.3822093009, 3.0938415527, 3.3431084156, 3.3479959964, 3.3773214817)
00:00:13.401 -> (3.4310851097, 3.3528835773, 3.0694036483, 3.3284456729, 3.3528835773, 3.3822093009)
00:00:13.506 -> (3.4115347862, 3.3528835773, 3.0791788101, 3.3773214817, 3.3577711582, 3.3919844627)
00:00:13.613 -> (3.4310851097, 3.3675463199, 3.0694036483, 3.3724339008, 3.3528835773, 3.3773214817)
00:00:13.718 -> (3.4164223670, 3.3675463199, 3.0840663909, 3.3333332538, 3.3479959964, 3.3822093009)
00:00:13.828 -> (3.4213099479, 3.3675463199, 3.0889539718, 3.3382208347, 3.3528835773, 3.3822093009)
00:00:13.931 -> (3.4213099479, 3.3675463199, 3.0889539718, 3.3626587390, 3.3479959964, 3.3822093009)
00:00:14.036 -> (3.4213099479, 3.3626587390, 3.0840663909, 3.3431084156, 3.3479959964, 3.3822093009)
00:00:14.143 -> (3.4213099479, 3.3675463199, 3.0840663909, 3.3382208347, 3.3528835773, 3.3870968818)
00:00:14.248 -> (3.4261975288, 3.3724339008, 3.0840663909, 3.3431084156, 3.3528835773, 3.3773214817)
00:00:14.357 -> (3.4261975288, 3.3675463199, 3.0791788101, 3.3479959964, 3.3431084156, 3.3870968818)
00:00:14.461 -> (3.4164223670, 3.3675463199, 3.0840663909, 3.3382208347, 3.3479959964, 3.3773214817)
00:00:14.567 -> (3.4164223670, 3.3626587390, 3.0791788101, 3.3479959964, 3.3431084156, 3.3822093009)
00:00:14.673 -> (3.4213099479, 3.3577711582, 3.0645160675, 3.3382208347, 3.3528835773, 3.3822093009)
00:00:14.779 -> (3.4213099479, 3.3675463199, 3.0791788101, 3.3431084156, 3.3528835773, 3.3822093009)
00:00:14.887 -> (3.4164223670, 3.3675463199, 3.0791788101, 3.3431084156, 3.3479959964, 3.3870968818)
00:00:14.992 -> (3.4164223670, 3.3675463199, 3.0889539718, 3.3333332538, 3.3528835773, 3.3870968818)
00:00:15.097 -> (3.4213099479, 3.3528835773, 3.0645160675, 3.3088953495, 3.3382208347, 3.3919844627)
00:00:15.204 -> (3.4164223670, 3.3626587390, 3.0742912292, 3.3137829303, 3.3479959964, 3.3822093009)
00:00:15.309 -> (3.4213099479, 3.3675463199, 3.0791788101, 3.3382208347, 3.3479959964, 3.3870968818)
00:00:15.418 -> (3.4213099479, 3.3626587390, 3.0742912292, 3.3186705112, 3.3431084156, 3.3870968818)
00:00:15.521 -> (3.4213099479, 3.3675463199, 3.0791788101, 3.3186705112, 3.3382208347, 3.3822093009)
00:00:15.628 -> (3.4164223670, 3.3626587390, 3.0889539718, 3.3235580921, 3.3431084156, 3.3919844627)
00:00:15.734 -> (3.4164223670, 3.3626587390, 3.0742912292, 3.3284456729, 3.3431084156, 3.3773214817)
00:00:15.840 -> (3.4213099479, 3.3675463199, 3.0840663909, 3.3724339008, 3.3577711582, 3.3724339008)
00:00:15.949 -> (3.4213099479, 3.3577711582, 3.0645160675, 3.3773214817, 3.3479959964, 3.3724339008)
00:00:16.052 -> (3.4213099479, 3.3577711582, 3.0694036483, 3.3137829303, 3.3528835773, 3.3822093009)
00:00:16.158 -> (3.4213099479, 3.3675463199, 3.0840663909, 3.3284456729, 3.3479959964, 3.3822093009)
00:00:16.264 -> (3.4164223670, 3.3528835773, 3.0645160675, 3.3284456729, 3.3479959964, 3.3870968818)
00:00:16.370 -> (3.4164223670, 3.3675463199, 3.0840663909, 3.3186705112, 3.3333332538, 3.3724339008)
00:00:16.479 -> (3.4164223670, 3.3528835773, 3.0938415527, 3.3577711582, 3.3528835773, 3.3724339008)
00:00:16.582 -> (3.4164223670, 3.3577711582, 3.0791788101, 3.3382208347, 3.3431084156, 3.3822093009)
00:00:16.689 -> (3.4310851097, 3.3528835773, 3.0694036483, 3.2991201877, 3.3382208347, 3.3870968818)
00:00:16.794 -> (3.4164223670, 3.3626587390, 3.0694036483, 3.3724339008, 3.3431084156, 3.3773214817)
00:00:16.901 -> (3.4115347862, 3.3626587390, 3.0742912292, 3.3235580921, 3.3431084156, 3.3773214817)
00:00:17.009 -> (3.4213099479, 3.3626587390, 3.0791788101, 3.3528835773, 3.3528835773, 3.3773214817)
00:00:17.118 -> (3.4164223670, 3.3626587390, 3.0840663909, 3.2844574451, 3.3479959964, 3.3773214817)
00:00:17.219 -> (3.4164223670, 3.3626587390, 3.0840663909, 3.3284456729, 3.3479959964, 3.3773214817)
00:00:17.325 -> (3.4213099479, 3.3626587390, 3.0791788101, 3.3333332538, 3.3577711582, 3.3773214817)
00:00:17.431 -> (3.4261975288, 3.3675463199, 3.0694036483, 3.3235580921, 3.3382208347, 3.3773214817)
00:00:17.540 -> (3.4261975288, 3.3577711582, 3.0694036483, 3.3431084156, 3.3528835773, 3.3870968818)
00:00:17.643 -> (3.4213099479, 3.3577711582, 3.0694036483, 3.3870968818, 3.3577711582, 3.3822093009)
00:00:17.750 -> (3.4115347862, 3.3626587390, 3.0840663909, 3.3382208347, 3.3431084156, 3.3773214817)
00:00:17.855 -> (3.4164223670, 3.3724339008, 3.0840663909, 3.3186705112, 3.3577711582, 3.3773214817)
00:00:17.961 -> (3.4213099479, 3.3577711582, 3.0791788101, 3.3431084156, 3.3479959964, 3.3773214817)
00:00:18.070 -> (3.4213099479, 3.3577711582, 3.0742912292, 3.3333332538, 3.3431084156, 3.3822093009)
00:00:18.173 -> (3.4213099479, 3.3626587390, 3.0742912292, 3.3284456729, 3.3528835773, 3.3822093009)
00:00:18.280 -> (3.4213099479, 3.3626587390, 3.0694036483, 3.3479959964, 3.3479959964, 3.3822093009)
00:00:18.385 -> (3.4164223670, 3.3626587390, 3.0694036483, 3.3479959964, 3.3431084156, 3.3773214817)
00:00:18.492 -> (3.4213099479, 3.3675463199, 3.0742912292, 3.3431084156, 3.3479959964, 3.3773214817)
00:00:18.600 -> (3.4164223670, 3.3577711582, 3.0742912292, 3.3431084156, 3.3431084156, 3.3773214817)
00:00:18.704 -> (3.4213099479, 3.3577711582, 3.0742912292, 3.3284456729, 3.3528835773, 3.3773214817)
00:00:18.810 -> (3.4213099479, 3.3577711582, 3.0742912292, 3.3479959964, 3.3431084156, 3.3822093009)
00:00:18.916 -> (3.4164223670, 3.3577711582, 3.0645160675, 3.3431084156, 3.3431084156, 3.3822093009)
00:00:19.022 -> (3.4213099479, 3.3626587390, 3.0742912292, 3.3040077686, 3.3577711582, 3.3822093009)
00:00:19.131 -> (3.4115347862, 3.3675463199, 3.0742912292, 3.3284456729, 3.3528835773, 3.3773214817)
00:00:19.234 -> (3.4164223670, 3.3675463199, 3.0742912292, 3.3333332538, 3.3431084156, 3.3724339008)
00:00:19.341 -> (3.4213099479, 3.3773214817, 3.0742912292, 3.3382208347, 3.3431084156, 3.3773214817)
00:00:19.446 -> (3.4213099479, 3.3675463199, 3.0645160675, 3.3528835773, 3.3431084156, 3.3773214817)
00:00:19.553 -> (3.4164223670, 3.3675463199, 3.0596284866, 3.3382208347, 3.3431084156, 3.3773214817)
00:00:19.661 -> (3.4213099479, 3.3626587390, 3.0645160675, 3.3431084156, 3.3479959964, 3.3822093009)
00:00:19.765 -> (3.4213099479, 3.3724339008, 3.0694036483, 3.3235580921, 3.3382208347, 3.3773214817)
00:00:19.871 -> (3.4164223670, 3.3675463199, 3.0596284866, 3.3577711582, 3.3528835773, 3.3675463199)
00:00:19.977 -> (3.4213099479, 3.3822093009, 3.0840663909, 3.3088953495, 3.3479959964, 3.3773214817)
00:00:20.083 -> (3.4164223670, 3.3773214817, 3.0742912292, 3.3479959964, 3.3431084156, 3.3724339008)
00:00:20.192 -> (3.4213099479, 3.3773214817, 3.0645160675, 3.3284456729, 3.3577711582, 3.3822093009)
00:00:20.295 -> (3.4213099479, 3.3773214817, 3.0596284866, 3.3235580921, 3.3528835773, 3.3773214817)
00:00:20.402 -> (3.4164223670, 3.3577711582, 3.0547409057, 3.3137829303, 3.3479959964, 3.3773214817)
00:00:20.507 -> (3.4213099479, 3.3626587390, 3.0791788101, 3.3186705112, 3.3382208347, 3.3773214817)
00:00:20.614 -> (3.4213099479, 3.3626587390, 3.0645160675, 3.3724339008, 3.3431084156, 3.3724339008)
00:00:20.722 -> (3.4164223670, 3.3675463199, 3.0791788101, 3.3479959964, 3.3479959964, 3.3724339008)
00:00:20.826 -> (3.4213099479, 3.3675463199, 3.0840663909, 3.3626587390, 3.3382208347, 3.3773214817)
00:00:20.932 -> (3.4164223670, 3.3626587390, 3.0596284866, 3.3235580921, 3.3431084156, 3.3822093009)
00:00:21.038 -> (3.4115347862, 3.3675463199, 3.0742912292, 3.3626587390, 3.3479959964, 3.3870968818)
00:00:21.144 -> (3.4164223670, 3.3577711582, 3.0694036483, 3.3528835773, 3.3333332538, 3.3773214817)
00:00:21.253 -> (3.4164223670, 3.3577711582, 3.0742912292, 3.3577711582, 3.3382208347, 3.3773214817)
00:00:21.356 -> (3.4213099479, 3.3675463199, 3.0791788101, 3.2991201877, 3.3431084156, 3.3724339008)
00:00:21.463 -> (3.4066472053, 3.3626587390, 3.0498533248, 3.3626587390, 3.3528835773, 3.3773214817)
00:00:21.568 -> (3.4115347862, 3.3626587390, 3.0596284866, 3.3822093009, 3.3528835773, 3.3773214817)
00:00:21.675 -> (3.4164223670, 3.3626587390, 3.0645160675, 3.3577711582, 3.3431084156, 3.3773214817)
00:00:21.783 -> (3.4164223670, 3.3528835773, 3.0547409057, 3.3333332538, 3.3528835773, 3.3773214817)
00:00:21.886 -> (3.4213099479, 3.3626587390, 3.0742912292, 3.2942326068, 3.3333332538, 3.3724339008)
00:00:21.993 -> (3.4213099479, 3.3675463199, 3.0791788101, 3.2991201877, 3.3479959964, 3.3773214817)
00:00:22.098 -> (3.4213099479, 3.3577711582, 3.0791788101, 3.3382208347, 3.3382208347, 3.3724339008)
00:00:22.205 -> (3.4261975288, 3.3528835773, 3.0694036483, 3.3479959964, 3.3528835773, 3.3822093009)
00:00:22.313 -> (3.4213099479, 3.3577711582, 3.0547409057, 3.3382208347, 3.3431084156, 3.3822093009)
00:00:22.417 -> (3.4164223670, 3.3626587390, 3.0645160675, 3.3137829303, 3.3333332538, 3.3773214817)
00:00:22.523 -> (3.4261975288, 3.3626587390, 3.0498533248, 3.3333332538, 3.3479959964, 3.3724339008)
00:00:22.629 -> (3.4066472053, 3.3626587390, 3.0596284866, 3.3919844627, 3.3382208347, 3.3577711582)
00:00:22.735 -> (3.4164223670, 3.3577711582, 3.0645160675, 3.3186705112, 3.3382208347, 3.3724339008)
00:00:22.844 -> (3.4213099479, 3.3626587390, 3.0694036483, 3.3040077686, 3.3284456729, 3.3773214817)
00:00:22.947 -> (3.4164223670, 3.3577711582, 3.0645160675, 3.3431084156, 3.3382208347, 3.3724339008)
00:00:23.054 -> (3.4213099479, 3.3675463199, 3.0645160675, 3.3137829303, 3.3528835773, 3.3773214817)
00:00:23.159 -> (3.4213099479, 3.3626587390, 3.0596284866, 3.3431084156, 3.3479959964, 3.3773214817)
00:00:23.266 -> (3.4164223670, 3.3577711582, 3.0596284866, 3.3479959964, 3.3382208347, 3.3724339008)
00:00:23.374 -> (3.4213099479, 3.3626587390, 3.0645160675, 3.3382208347, 3.3431084156, 3.3773214817)
00:00:23.478 -> (3.4164223670, 3.3626587390, 3.0645160675, 3.3333332538, 3.3431084156, 3.3724339008)
00:00:23.584 -> (3.4164223670, 3.3626587390, 3.0645160675, 3.3235580921, 3.3431084156, 3.3626587390)
00:00:23.690 -> (3.4213099479, 3.3675463199, 3.0645160675, 3.3382208347, 3.3431084156, 3.3724339008)
00:00:23.796 -> (3.4213099479, 3.3675463199, 3.0547409057, 3.3382208347, 3.3382208347, 3.3675463199)
00:00:23.905 -> (3.4164223670, 3.3675463199, 3.0547409057, 3.3382208347, 3.3382208347, 3.3724339008)
00:00:24.008 -> (3.4261975288, 3.3675463199, 3.0596284866, 3.3186705112, 3.3431084156, 3.3773214817)
00:00:24.115 -> (3.4164223670, 3.3626587390, 3.0742912292, 3.3088953495, 3.3333332538, 3.3675463199)
00:00:24.220 -> (3.4261975288, 3.3724339008, 3.0742912292, 3.3186705112, 3.3382208347, 3.3773214817)
00:00:24.327 -> (3.4213099479, 3.3626587390, 3.0694036483, 3.3382208347, 3.3382208347, 3.3626587390)
00:00:24.432 -> (3.4115347862, 3.3626587390, 3.0645160675, 3.3284456729, 3.3333332538, 3.3724339008)
00:00:24.549 -> (3.4115347862, 3.3675463199, 3.0596284866, 3.3675463199, 3.3333332538, 3.3675463199)
00:00:24.646 -> (3.4115347862, 3.3675463199, 3.0596284866, 3.3284456729, 3.3333332538, 3.3675463199)
00:00:24.753 -> (3.4164223670, 3.3724339008, 3.0547409057, 3.3088953495, 3.3382208347, 3.3724339008)
00:00:24.858 -> (3.4115347862, 3.3675463199, 3.0547409057, 3.3870968818, 3.3528835773, 3.3724339008)
00:00:24.965 -> (3.4164223670, 3.3675463199, 3.0645160675, 3.3724339008, 3.3284456729, 3.3626587390)
00:00:25.073 -> (3.4164223670, 3.3675463199, 3.0791788101, 3.3382208347, 3.3382208347, 3.3675463199)
00:00:25.177 -> (3.4261975288, 3.3577711582, 3.0547409057, 3.3626587390, 3.3479959964, 3.3773214817)
00:00:25.283 -> (3.4164223670, 3.3626587390, 3.0596284866, 3.3235580921, 3.3382208347, 3.3773214817)
00:00:25.389 -> (3.4213099479, 3.3675463199, 3.0645160675, 3.3431084156, 3.3382208347, 3.3724339008)
00:00:25.495 -> (3.4164223670, 3.3528835773, 3.0791788101, 3.3577711582, 3.3382208347, 3.3675463199)
00:00:25.604 -> (3.4213099479, 3.3626587390, 3.0547409057, 3.3724339008, 3.3431084156, 3.3675463199)
00:00:25.707 -> (3.4164223670, 3.3675463199, 3.0694036483, 3.3675463199, 3.3235580921, 3.3675463199)
00:00:25.814 -> (3.4164223670, 3.3675463199, 3.0449657440, 3.3626587390, 3.3382208347, 3.3724339008)
00:00:25.919 -> (3.4115347862, 3.3773214817, 3.0645160675, 3.3724339008, 3.3479959964, 3.3773214817)
00:00:26.025 -> (3.4164223670, 3.3626587390, 3.0645160675, 3.3382208347, 3.3431084156, 3.3822093009)
00:00:26.134 -> (3.4164223670, 3.3724339008, 3.0498533248, 3.3382208347, 3.3431084156, 3.3626587390)
00:00:26.237 -> (3.4213099479, 3.3724339008, 3.0645160675, 3.3382208347, 3.3431084156, 3.3724339008)
00:00:26.344 -> (3.4066472053, 3.3675463199, 3.0547409057, 3.3431084156, 3.3431084156, 3.3626587390)
00:00:26.449 -> (3.4213099479, 3.3724339008, 3.0498533248, 3.3137829303, 3.3235580921, 3.3675463199)
00:00:26.556 -> (3.4115347862, 3.3724339008, 3.0547409057, 3.3235580921, 3.3333332538, 3.3626587390)
00:00:26.664 -> (3.4164223670, 3.3626587390, 3.0449657440, 3.3333332538, 3.3382208347, 3.3675463199)
00:00:26.768 -> (3.4261975288, 3.3773214817, 3.0547409057, 3.3186705112, 3.3235580921, 3.3724339008)
00:00:26.874 -> (3.4115347862, 3.3724339008, 3.0498533248, 3.3088953495, 3.3382208347, 3.3773214817)
00:00:26.980 -> (3.4213099479, 3.3675463199, 3.0596284866, 3.3431084156, 3.3284456729, 3.3675463199)
00:00:27.086 -> (3.4164223670, 3.3724339008, 3.0694036483, 3.3431084156, 3.3431084156, 3.3675463199)
00:00:27.195 -> (3.4164223670, 3.3724339008, 3.0547409057, 3.3382208347, 3.3382208347, 3.3675463199)
00:00:27.298 -> (3.4164223670, 3.3675463199, 3.0449657440, 3.3284456729, 3.3333332538, 3.3724339008)
00:00:27.405 -> (3.4213099479, 3.3773214817, 3.0449657440, 3.3431084156, 3.3382208347, 3.3724339008)
00:00:27.510 -> (3.4164223670, 3.3773214817, 3.0351905822, 3.3431084156, 3.3333332538, 3.3724339008)
00:00:27.617 -> (3.4164223670, 3.3724339008, 3.0498533248, 3.3382208347, 3.3382208347, 3.3626587390)
00:00:27.725 -> (3.4213099479, 3.3724339008, 3.0547409057, 3.3528835773, 3.3382208347, 3.3724339008)
00:00:27.829 -> (3.4164223670, 3.3675463199, 3.0596284866, 3.3382208347, 3.3333332538, 3.3626587390)
00:00:27.935 -> (3.4213099479, 3.3773214817, 3.0596284866, 3.3137829303, 3.3284456729, 3.3773214817)
00:00:28.041 -> (3.4164223670, 3.3724339008, 3.0498533248, 3.3431084156, 3.3382208347, 3.3724339008)
00:00:28.147 -> (3.4164223670, 3.3724339008, 3.0498533248, 3.3235580921, 3.3333332538, 3.3626587390)
00:00:28.256 -> (3.4213099479, 3.3724339008, 3.0498533248, 3.3040077686, 3.3382208347, 3.3724339008)
00:00:28.359 -> (3.4164223670, 3.3675463199, 3.0498533248, 3.3235580921, 3.3382208347, 3.3626587390)
00:00:28.466 -> (3.4213099479, 3.3724339008, 3.0547409057, 3.3333332538, 3.3382208347, 3.3626587390)
00:00:28.571 -> (3.4213099479, 3.3724339008, 3.0547409057, 3.3284456729, 3.3382208347, 3.3675463199)
00:00:28.678 -> (3.4213099479, 3.3724339008, 3.0547409057, 3.3382208347, 3.3284456729, 3.3675463199)
00:00:28.787 -> (3.4164223670, 3.3724339008, 3.0547409057, 3.3382208347, 3.3333332538, 3.3724339008)
00:00:28.890 -> (3.4213099479, 3.3675463199, 3.0498533248, 3.3333332538, 3.3382208347, 3.3675463199)
00:00:28.995 -> (3.4115347862, 3.3675463199, 3.0596284866, 3.3040077686, 3.3284456729, 3.3675463199)
00:00:29.102 -> (3.4115347862, 3.3822093009, 3.0449657440, 3.3822093009, 3.3431084156, 3.3724339008)
00:00:29.208 -> (3.4213099479, 3.3773214817, 3.0596284866, 3.3333332538, 3.3186705112, 3.3528835773)
00:00:29.317 -> (3.4164223670, 3.3822093009, 3.0596284866, 3.3382208347, 3.3186705112, 3.3724339008)
00:00:29.420 -> (3.4213099479, 3.3822093009, 3.0400781631, 3.3431084156, 3.3382208347, 3.3675463199)
00:00:29.526 -> (3.4066472053, 3.3773214817, 3.0498533248, 3.3479959964, 3.3382208347, 3.3724339008)
00:00:29.632 -> (3.4213099479, 3.3773214817, 3.0400781631, 3.3088953495, 3.3333332538, 3.3675463199)
00:00:29.739 -> (3.4213099479, 3.3870968818, 3.0449657440, 3.3186705112, 3.3333332538, 3.3724339008)
00:00:29.847 -> (3.4164223670, 3.3724339008, 3.0449657440, 3.3431084156, 3.3333332538, 3.3626587390)
00:00:29.950 -> (3.4213099479, 3.3822093009, 3.0547409057, 3.3528835773, 3.3479959964, 3.3528835773)
00:00:30.056 -> (3.4115347862, 3.3773214817, 3.0547409057, 3.3235580921, 3.3333332538, 3.3528835773)
00:00:30.162 -> (3.4115347862, 3.3724339008, 3.0547409057, 3.3431084156, 3.3284456729, 3.3626587390)
00:00:30.269 -> (3.4261975288, 3.3773214817, 3.0498533248, 3.3333332538, 3.3284456729, 3.3675463199)
00:00:30.377 -> (3.4164223670, 3.3773214817, 3.0596284866, 3.3577711582, 3.3284456729, 3.3626587390)
00:00:30.481 -> (3.4164223670, 3.3724339008, 3.0400781631, 3.3235580921, 3.3382208347, 3.3675463199)
00:00:30.586 -> (3.4164223670, 3.3822093009, 3.0596284866, 3.2991201877, 3.3333332538, 3.3675463199)
00:00:30.693 -> (3.4115347862, 3.3675463199, 3.0400781631, 3.3284456729, 3.3284456729, 3.3626587390)
00:00:30.799 -> (3.4164223670, 3.3773214817, 3.0351905822, 3.2991201877, 3.3382208347, 3.3577711582)
00:00:30.908 -> (3.4164223670, 3.3773214817, 3.0351905822, 3.3382208347, 3.3382208347, 3.3577711582)
00:00:31.011 -> (3.4164223670, 3.3773214817, 3.0400781631, 3.3284456729, 3.3382208347, 3.3626587390)
00:00:31.117 -> (3.4066472053, 3.3724339008, 3.0547409057, 3.3528835773, 3.3333332538, 3.3577711582)
00:00:31.223 -> (3.4213099479, 3.3724339008, 3.0498533248, 3.3284456729, 3.3333332538, 3.3626587390)
00:00:31.330 -> (3.4115347862, 3.3773214817, 3.0351905822, 3.3431084156, 3.3333332538, 3.3577711582)
00:00:31.438 -> (3.4066472053, 3.3675463199, 3.0449657440, 3.3626587390, 3.3382208347, 3.3577711582)
00:00:31.542 -> (3.4066472053, 3.3822093009, 3.0498533248, 3.3186705112, 3.3333332538, 3.3528835773)
00:00:31.647 -> (3.4164223670, 3.3724339008, 3.0400781631, 3.3382208347, 3.3333332538, 3.3577711582)
00:00:31.754 -> (3.4213099479, 3.3773214817, 3.0351905822, 3.3382208347, 3.3382208347, 3.3626587390)
00:00:31.860 -> (3.4164223670, 3.3773214817, 3.0449657440, 3.3431084156, 3.3284456729, 3.3577711582)
00:00:31.969 -> (3.4164223670, 3.3773214817, 3.0449657440, 3.3284456729, 3.3333332538, 3.3626587390)
00:00:32.072 -> (3.4213099479, 3.3870968818, 3.0498533248, 3.3382208347, 3.3284456729, 3.3577711582)
00:00:32.178 -> (3.4115347862, 3.3773214817, 3.0400781631, 3.3137829303, 3.3333332538, 3.3626587390)
00:00:32.284 -> (3.4164223670, 3.3773214817, 3.0498533248, 3.3382208347, 3.3333332538, 3.3577711582)
00:00:32.391 -> (3.4115347862, 3.3822093009, 3.0547409057, 3.3479959964, 3.3382208347, 3.3479959964)
00:00:32.498 -> (3.4261975288, 3.3773214817, 3.0547409057, 3.3137829303, 3.3382208347, 3.3577711582)
00:00:32.603 -> (3.4164223670, 3.3822093009, 3.0498533248, 3.3479959964, 3.3333332538, 3.3577711582)
00:00:32.708 -> (3.4115347862, 3.3773214817, 3.0449657440, 3.3333332538, 3.3333332538, 3.3577711582)
00:00:32.815 -> (3.4213099479, 3.3773214817, 3.0449657440, 3.3333332538, 3.3333332538, 3.3675463199)
00:00:32.920 -> (3.4213099479, 3.3822093009, 3.0498533248, 3.3382208347, 3.3235580921, 3.3528835773)
00:00:33.030 -> (3.4213099479, 3.3822093009, 3.0449657440, 3.3284456729, 3.3333332538, 3.3528835773)
00:00:33.133 -> (3.4115347862, 3.3919844627, 3.0596284866, 3.3382208347, 3.3284456729, 3.3528835773)
00:00:33.239 -> (3.4213099479, 3.3773214817, 3.0400781631, 3.3431084156, 3.3284456729, 3.3528835773)
00:00:33.345 -> (3.4213099479, 3.3773214817, 3.0303030014, 3.3333332538, 3.3284456729, 3.3479959964)
00:00:33.452 -> (3.4213099479, 3.3822093009, 3.0351905822, 3.3382208347, 3.3284456729, 3.3626587390)
00:00:33.560 -> (3.4115347862, 3.3773214817, 3.0351905822, 3.3333332538, 3.3284456729, 3.3479959964)
00:00:33.664 -> (3.4115347862, 3.3773214817, 3.0449657440, 3.3088953495, 3.3235580921, 3.3479959964)
00:00:33.769 -> (3.4164223670, 3.3822093009, 3.0449657440, 3.3822093009, 3.3333332538, 3.3479959964)
00:00:33.875 -> (3.4115347862, 3.3822093009, 3.0400781631, 3.3528835773, 3.3382208347, 3.3528835773)
00:00:33.982 -> (3.4066472053, 3.3919844627, 3.0254154205, 3.3577711582, 3.3333332538, 3.3382208347)
00:00:34.091 -> (3.4164223670, 3.3773214817, 3.0400781631, 3.3382208347, 3.3137829303, 3.3528835773)
00:00:34.194 -> (3.4164223670, 3.3822093009, 3.0449657440, 3.3235580921, 3.3186705112, 3.3479959964)
00:00:34.299 -> (3.4213099479, 3.3822093009, 3.0400781631, 3.3382208347, 3.3333332538, 3.3528835773)
00:00:34.406 -> (3.4213099479, 3.3773214817, 3.0449657440, 3.3431084156, 3.3235580921, 3.3431084156)
00:00:34.512 -> (3.4164223670, 3.3822093009, 3.0547409057, 3.3186705112, 3.3186705112, 3.3382208347)
00:00:34.621 -> (3.4164223670, 3.3773214817, 3.0303030014, 3.3528835773, 3.3479959964, 3.3675463199)
00:00:34.724 -> (3.4115347862, 3.3822093009, 3.0449657440, 3.3088953495, 3.3235580921, 3.3626587390)
00:00:34.830 -> (3.4213099479, 3.3822093009, 3.0303030014, 3.3528835773, 3.3235580921, 3.3577711582)
00:00:34.936 -> (3.4115347862, 3.3870968818, 3.0449657440, 3.3186705112, 3.3333332538, 3.3675463199)
00:00:35.043 -> (3.4115347862, 3.3773214817, 3.0400781631, 3.3675463199, 3.3284456729, 3.3577711582)
00:00:35.151 -> (3.4115347862, 3.3822093009, 3.0449657440, 3.3675463199, 3.3333332538, 3.3528835773)
00:00:35.255 -> (3.4213099479, 3.3822093009, 3.0400781631, 3.2893450260, 3.3382208347, 3.3675463199)
00:00:35.360 -> (3.4164223670, 3.3822093009, 3.0254154205, 3.3186705112, 3.3333332538, 3.3626587390)
00:00:35.467 -> (3.4213099479, 3.3870968818, 3.0254154205, 3.3186705112, 3.3431084156, 3.3626587390)
00:00:35.572 -> (3.4213099479, 3.3675463199, 3.0351905822, 3.3577711582, 3.3284456729, 3.3577711582)
00:00:35.682 -> (3.4115347862, 3.3822093009, 3.0498533248, 3.2893450260, 3.3284456729, 3.3724339008)
00:00:35.785 -> (3.4115347862, 3.3822093009, 3.0547409057, 3.3724339008, 3.3333332538, 3.3577711582)
00:00:35.891 -> (3.4115347862, 3.3822093009, 3.0400781631, 3.3284456729, 3.3382208347, 3.3626587390)
00:00:35.997 -> (3.4115347862, 3.3870968818, 3.0400781631, 3.3186705112, 3.3382208347, 3.3528835773)
00:00:36.103 -> (3.4213099479, 3.3822093009, 3.0303030014, 3.2795698642, 3.3186705112, 3.3675463199)
00:00:36.212 -> (3.4164223670, 3.3822093009, 3.0254154205, 3.3284456729, 3.3333332538, 3.3577711582)
00:00:36.316 -> (3.4164223670, 3.3822093009, 3.0303030014, 3.3040077686, 3.3382208347, 3.3675463199)
00:00:36.421 -> (3.4213099479, 3.3822093009, 3.0400781631, 3.3284456729, 3.3235580921, 3.3528835773)
00:00:36.528 -> (3.4164223670, 3.3822093009, 3.0254154205, 3.3235580921, 3.3333332538, 3.3626587390)
00:00:36.633 -> (3.4213099479, 3.3870968818, 3.0449657440, 3.3333332538, 3.3284456729, 3.3626587390)
00:00:36.743 -> (3.4115347862, 3.3822093009, 3.0400781631, 3.3382208347, 3.3284456729, 3.3577711582)
00:00:36.845 -> (3.4261975288, 3.3870968818, 3.0351905822, 3.3040077686, 3.3284456729, 3.3675463199)
00:00:36.952 -> (3.4261975288, 3.3870968818, 3.0400781631, 3.3284456729, 3.3284456729, 3.3626587390)
00:00:37.058 -> (3.4164223670, 3.3822093009, 3.0254154205, 3.3333332538, 3.3284456729, 3.3577711582)
00:00:37.164 -> (3.4164223670, 3.3773214817, 3.0205278396, 3.3040077686, 3.3333332538, 3.3626587390)
00:00:37.273 -> (3.4164223670, 3.3822093009, 3.0205278396, 3.3235580921, 3.3284456729, 3.3577711582)
00:00:37.376 -> (3.4164223670, 3.3822093009, 3.0303030014, 3.3186705112, 3.3235580921, 3.3577711582)
00:00:37.482 -> (3.4164223670, 3.3870968818, 3.0351905822, 3.3284456729, 3.3284456729, 3.3577711582)
00:00:37.588 -> (3.4115347862, 3.3724339008, 3.0351905822, 3.3333332538, 3.3284456729, 3.3577711582)
00:00:37.694 -> (3.4164223670, 3.3870968818, 3.0254154205, 3.3284456729, 3.3333332538, 3.3626587390)
00:00:37.803 -> (3.4164223670, 3.3822093009, 3.0351905822, 3.3479959964, 3.3382208347, 3.3577711582)
00:00:37.907 -> (3.4115347862, 3.3822093009, 3.0351905822, 3.3235580921, 3.3235580921, 3.3528835773)
00:00:38.012 -> (3.4115347862, 3.3919844627, 3.0156402587, 3.3333332538, 3.3382208347, 3.3577711582)
00:00:38.119 -> (3.4213099479, 3.3870968818, 3.0254154205, 3.3235580921, 3.3284456729, 3.3577711582)
00:00:38.224 -> (3.4164223670, 3.3822093009, 3.0303030014, 3.3186705112, 3.3284456729, 3.3577711582)
00:00:38.334 -> (3.4164223670, 3.3870968818, 3.0351905822, 3.3137829303, 3.3284456729, 3.3675463199)
00:00:38.436 -> (3.4115347862, 3.3968720436, 3.0254154205, 3.3040077686, 3.3333332538, 3.3675463199)
00:00:38.543 -> (3.4115347862, 3.3919844627, 3.0351905822, 3.3528835773, 3.3186705112, 3.3577711582)
00:00:38.649 -> (3.4261975288, 3.3870968818, 3.0303030014, 3.3431084156, 3.3382208347, 3.3577711582)
00:00:38.755 -> (3.4115347862, 3.3822093009, 3.0254154205, 3.3088953495, 3.3186705112, 3.3577711582)
00:00:38.864 -> (3.4164223670, 3.3870968818, 3.0156402587, 3.3577711582, 3.3284456729, 3.3528835773)
00:00:38.967 -> (3.4164223670, 3.3870968818, 3.0058650970, 3.3284456729, 3.3333332538, 3.3724339008)
00:00:39.073 -> (3.4164223670, 3.3822093009, 3.0156402587, 3.3186705112, 3.3235580921, 3.3626587390)
00:00:39.180 -> (3.4261975288, 3.3822093009, 3.0351905822, 3.3577711582, 3.3382208347, 3.3528835773)
00:00:39.285 -> (3.4164223670, 3.3919844627, 3.0156402587, 3.3186705112, 3.3284456729, 3.3577711582)
00:00:39.497 -> (3.4213099479, 3.3870968818, 3.0058650970, 3.3333332538, 3.3284456729, 3.3577711582)
00:00:42.576 -> (3.4066472053, 3.3870968818, 3.0009775161, 3.3431084156, 3.3235580921, 3.3577711582)
00:00:59.336 -> (3.4066472053, 3.4017596244, 3.0009775161, 3.3040077686, 3.2991201877, 3.3186705112)
