00:00:00.010 -> (3.3870968818, 3.3675463199, 3.1524927616, 3.4017596244, 3.3870968818, 3.4604105949)
00:00:00.132 -> (3.3626587390, 3.3382208347, 3.1182794570, 3.3186705112, 3.3577711582, 3.4310851097)
00:00:00.238 -> (3.3675463199, 3.3284456729, 3.1182794570, 3.3235580921, 3.3577711582, 3.4310851097)
00:00:00.344 -> (3.3626587390, 3.3382208347, 3.1231670379, 3.3137829303, 3.3626587390, 3.4310851097)
00:00:00.450 -> (3.3577711582, 3.3382208347, 3.1231670379, 3.3088953495, 3.3528835773, 3.4310851097)
00:00:00.556 -> (3.3626587390, 3.3382208347, 3.1182794570, 3.3235580921, 3.3577711582, 3.4310851097)
00:00:00.664 -> (3.3626587390, 3.3382208347, 3.1182794570, 3.3137829303, 3.3577711582, 3.4359726905)
00:00:00.769 -> (3.3626587390, 3.3382208347, 3.1231670379, 3.3137829303, 3.3528835773, 3.4310851097)
00:00:00.874 -> (3.3626587390, 3.3382208347, 3.1231670379, 3.3235580921, 3.3577711582, 3.4310851097)
00:00:00.980 -> (3.3626587390, 3.3382208347, 3.1182794570, 3.3088953495, 3.3577711582, 3.4359726905)
00:00:01.086 -> (3.3528835773, 3.3479959964, 3.1231670379, 3.3186705112, 3.3626587390, 3.4359726905)
00:00:01.195 -> (3.3626587390, 3.3333332538, 3.1280546188, 3.2893450260, 3.3626587390, 3.4310851097)
00:00:01.298 -> (3.3626587390, 3.3333332538, 3.1182794570, 3.3137829303, 3.3577711582, 3.4310851097)
00:00:01.404 -> (3.3577711582, 3.3431084156, 3.1231670379, 3.3088953495, 3.3577711582, 3.4310851097)
00:00:01.511 -> (3.3626587390, 3.3431084156, 3.1231670379, 3.3088953495, 3.3675463199, 3.4310851097)
00:00:01.616 -> (3.3577711582, 3.3382208347, 3.1231670379, 3.3284456729, 3.3577711582, 3.4310851097)
00:00:01.726 -> (3.3626587390, 3.3431084156, 3.1182794570, 3.3333332538, 3.3577711582, 3.4310851097)
00:00:01.829 -> (3.3724339008, 3.3431084156, 3.1231670379, 3.3284456729, 3.3626587390, 3.4310851097)
00:00:01.935 -> (3.3626587390, 3.3382208347, 3.1231670379, 3.3235580921, 3.3528835773, 3.4310851097)
00:00:02.041 -> (3.3724339008, 3.3479959964, 3.1231670379, 3.2697947025, 3.3528835773, 3.4359726905)
00:00:02.147 -> (3.3528835773, 3.3431084156, 3.1280546188, 3.3675463199, 3.3577711582, 3.4310851097)
00:00:02.256 -> (3.3675463199, 3.3382208347, 3.1036167144, 3.2991201877, 3.3675463199, 3.4310851097)
00:00:02.360 -> (3.3724339008, 3.3479959964, 3.1231670379, 3.2991201877, 3.3577711582, 3.4310851097)
00:00:02.465 -> (3.3528835773, 3.3431084156, 3.1329424381, 3.3431084156, 3.3528835773, 3.4310851097)
00:00:02.572 -> (3.3577711582, 3.3382208347, 3.1329424381, 3.3577711582, 3.3528835773, 3.4310851097)
00:00:02.677 -> (3.3626587390, 3.3382208347, 3.1231670379, 3.3382208347, 3.3626587390, 3.4359726905)
00:00:02.787 -> (3.3675463199, 3.3284456729, 3.1231670379, 3.3040077686, 3.3577711582, 3.4359726905)
00:00:02.890 -> (3.3577711582, 3.3333332538, 3.1133918762, 3.3675463199, 3.3675463199, 3.4310851097)
00:00:02.996 -> (3.3675463199, 3.3431084156, 3.1182794570, 3.2942326068, 3.3479959964, 3.4310851097)
00:00:03.102 -> (3.3626587390, 3.3186705112, 3.1182794570, 3.3040077686, 3.3577711582, 3.4310851097)
00:00:03.208 -> (3.3626587390, 3.3088953495, 3.1133918762, 3.3333332538, 3.3626587390, 3.4310851097)
00:00:03.317 -> (3.3724339008, 3.3186705112, 3.1182794570, 3.2697947025, 3.3528835773, 3.4359726905)
00:00:03.421 -> (3.3626587390, 3.3088953495, 3.1133918762, 3.2893450260, 3.3479959964, 3.4310851097)
00:00:03.526 -> (3.3626587390, 3.3137829303, 3.1231670379, 3.2844574451, 3.3528835773, 3.4310851097)
00:00:03.633 -> (3.3626587390, 3.3186705112, 3.1280546188, 3.2942326068, 3.3528835773, 3.4310851097)
00:00:03.738 -> (3.3577711582, 3.3137829303, 3.1280546188, 3.3773214817, 3.3577711582, 3.4310851097)
00:00:03.847 -> (3.3626587390, 3.3137829303, 3.1231670379, 3.3528835773, 3.3577711582, 3.4310851097)
00:00:03.951 -> (3.3577711582, 3.3137829303, 3.1231670379, 3.3626587390, 3.3528835773, 3.4310851097)
00:00:04.057 -> (3.3577711582, 3.3088953495, 3.1231670379, 3.3284456729, 3.3577711582, 3.4310851097)
00:00:04.163 -> (3.3675463199, 3.3137829303, 3.1182794570, 3.2795698642, 3.3577711582, 3.4310851097)
00:00:04.269 -> (3.3626587390, 3.3137829303, 3.1280546188, 3.2893450260, 3.3626587390, 3.4310851097)
00:00:04.377 -> (3.3675463199, 3.3137829303, 3.1133918762, 3.3040077686, 3.3528835773, 3.4261975288)
00:00:04.482 -> (3.3626587390, 3.3040077686, 3.1085042953, 3.3382208347, 3.3626587390, 3.4310851097)
00:00:04.587 -> (3.3724339008, 3.3137829303, 3.1133918762, 3.2746822834, 3.3626587390, 3.4310851097)
00:00:04.694 -> (3.3724339008, 3.3186705112, 3.1133918762, 3.2893450260, 3.3626587390, 3.4359726905)
00:00:04.799 -> (3.3675463199, 3.3137829303, 3.1133918762, 3.2600195407, 3.3528835773, 3.4310851097)
00:00:04.908 -> (3.3675463199, 3.3137829303, 3.1280546188, 3.3235580921, 3.3626587390, 3.4310851097)
00:00:05.012 -> (3.3724339008, 3.3137829303, 3.1231670379, 3.3284456729, 3.3626587390, 3.4359726905)
00:00:05.117 -> (3.3675463199, 3.3088953495, 3.1231670379, 3.3040077686, 3.3528835773, 3.4310851097)
00:00:05.224 -> (3.3675463199, 3.3137829303, 3.1231670379, 3.3088953495, 3.3577711582, 3.4359726905)
00:00:05.329 -> (3.3626587390, 3.3431084156, 3.1231670379, 3.3186705112, 3.3577711582, 3.4310851097)
00:00:05.438 -> (3.3626587390, 3.3431084156, 3.1182794570, 3.3235580921, 3.3577711582, 3.4310851097)
00:00:05.541 -> (3.3675463199, 3.3431084156, 3.1231670379, 3.3137829303, 3.3577711582, 3.4359726905)
00:00:05.648 -> (3.3626587390, 3.3431084156, 3.1231670379, 3.3137829303, 3.3577711582, 3.4310851097)
00:00:05.754 -> (3.3626587390, 3.3431084156, 3.1182794570, 3.3186705112, 3.3577711582, 3.4310851097)
00:00:05.860 -> (3.3675463199, 3.3431084156, 3.1329424381, 3.3235580921, 3.3528835773, 3.4359726905)
00:00:05.969 -> (3.3626587390, 3.3382208347, 3.1280546188, 3.3137829303, 3.3577711582, 3.4359726905)
00:00:06.072 -> (3.3675463199, 3.3431084156, 3.1133918762, 3.2893450260, 3.3626587390, 3.4310851097)
00:00:06.178 -> (3.3724339008, 3.3528835773, 3.1329424381, 3.3284456729, 3.3577711582, 3.4359726905)
00:00:06.285 -> (3.3626587390, 3.3431084156, 3.1182794570, 3.3137829303, 3.3577711582, 3.4310851097)
00:00:06.390 -> (3.3724339008, 3.3479959964, 3.1280546188, 3.2844574451, 3.3577711582, 3.4359726905)
00:00:06.499 -> (3.3724339008, 3.3479959964, 3.1133918762, 3.2697947025, 3.3577711582, 3.4310851097)
00:00:06.602 -> (3.3577711582, 3.3382208347, 3.1182794570, 3.2746822834, 3.3528835773, 3.4310851097)
00:00:06.709 -> (3.3724339008, 3.3431084156, 3.1182794570, 3.3186705112, 3.3577711582, 3.4310851097)
00:00:06.815 -> (3.3626587390, 3.3431084156, 3.1231670379, 3.3479959964, 3.3577711582, 3.4310851097)
00:00:06.921 -> (3.3675463199, 3.3479959964, 3.1133918762, 3.2697947025, 3.3528835773, 3.4310851097)
00:00:07.029 -> (3.3675463199, 3.3382208347, 3.1182794570, 3.3431084156, 3.3626587390, 3.4310851097)
00:00:07.133 -> (3.3724339008, 3.3431084156, 3.1182794570, 3.2746822834, 3.3528835773, 3.4310851097)
00:00:07.239 -> (3.3724339008, 3.3431084156, 3.1085042953, 3.3137829303, 3.3626587390, 3.4359726905)
00:00:07.346 -> (3.3724339008, 3.3479959964, 3.1085042953, 3.2991201877, 3.3577711582, 3.4310851097)
00:00:07.451 -> (3.3675463199, 3.3431084156, 3.1231670379, 3.3333332538, 3.3528835773, 3.4310851097)
00:00:07.560 -> (3.3773214817, 3.3431084156, 3.1182794570, 3.3088953495, 3.3626587390, 3.4359726905)
00:00:07.663 -> (3.3773214817, 3.3431084156, 3.1085042953, 3.2697947025, 3.3577711582, 3.4310851097)
00:00:07.770 -> (3.3724339008, 3.3431084156, 3.1133918762, 3.3479959964, 3.3626587390, 3.4261975288)
00:00:07.876 -> (3.3724339008, 3.3431084156, 3.1182794570, 3.3284456729, 3.3626587390, 3.4359726905)
00:00:07.982 -> (3.3675463199, 3.3333332538, 3.1133918762, 3.3724339008, 3.3577711582, 3.4310851097)
00:00:08.090 -> (3.3724339008, 3.3479959964, 3.1231670379, 3.2991201877, 3.3528835773, 3.4359726905)
00:00:08.194 -> (3.3626587390, 3.3382208347, 3.1133918762, 3.2551319599, 3.3577711582, 3.4359726905)
00:00:08.300 -> (3.3724339008, 3.3382208347, 3.1182794570, 3.2649071216, 3.3577711582, 3.4310851097)
00:00:08.407 -> (3.3675463199, 3.3382208347, 3.1231670379, 3.3675463199, 3.3626587390, 3.4310851097)
00:00:08.512 -> (3.3724339008, 3.3479959964, 3.1231670379, 3.2795698642, 3.3528835773, 3.4359726905)
00:00:08.621 -> (3.3773214817, 3.3431084156, 3.1182794570, 3.2600195407, 3.3577711582, 3.4359726905)
00:00:08.724 -> (3.3724339008, 3.3479959964, 3.1182794570, 3.2991201877, 3.3528835773, 3.4359726905)
00:00:08.830 -> (3.3724339008, 3.3431084156, 3.1133918762, 3.2746822834, 3.3528835773, 3.4310851097)
00:00:08.937 -> (3.3773214817, 3.3333332538, 3.1182794570, 3.3088953495, 3.3626587390, 3.4310851097)
00:00:09.042 -> (3.3675463199, 3.3479959964, 3.1085042953, 3.3479959964, 3.3626587390, 3.4359726905)
00:00:09.151 -> (3.3675463199, 3.3431084156, 3.1182794570, 3.3186705112, 3.3626587390, 3.4408602714)
00:00:09.254 -> (3.3724339008, 3.3431084156, 3.1182794570, 3.3235580921, 3.3626587390, 3.4310851097)
00:00:09.361 -> (3.3724339008, 3.3528835773, 3.1133918762, 3.3333332538, 3.3577711582, 3.4261975288)
00:00:09.467 -> (3.3675463199, 3.3431084156, 3.1133918762, 3.3235580921, 3.3577711582, 3.4310851097)
00:00:09.573 -> (3.3724339008, 3.3431084156, 3.1133918762, 3.3088953495, 3.3577711582, 3.4310851097)
00:00:09.681 -> (3.3724339008, 3.3431084156, 3.1133918762, 3.3235580921, 3.3577711582, 3.4310851097)
00:00:09.785 -> (3.3724339008, 3.3431084156, 3.1085042953, 3.3333332538, 3.3577711582, 3.4359726905)
00:00:09.891 -> (3.3724339008, 3.3479959964, 3.1133918762, 3.3284456729, 3.3626587390, 3.4310851097)
00:00:09.997 -> (3.3675463199, 3.3431084156, 3.1182794570, 3.3137829303, 3.3577711582, 3.4310851097)
00:00:10.103 -> (3.3773214817, 3.3431084156, 3.1182794570, 3.3137829303, 3.3577711582, 3.4359726905)
00:00:10.213 -> (3.3724339008, 3.3431084156, 3.1182794570, 3.3137829303, 3.3577711582, 3.4310851097)
00:00:10.315 -> (3.3724339008, 3.3382208347, 3.1182794570, 3.3186705112, 3.3577711582, 3.4310851097)
00:00:10.422 -> (3.3724339008, 3.3431084156, 3.1182794570, 3.3284456729, 3.3626587390, 3.4359726905)
00:00:10.527 -> (3.3773214817, 3.3431084156, 3.1085042953, 3.3040077686, 3.3626587390, 3.4359726905)
00:00:10.634 -> (3.3724339008, 3.3431084156, 3.1133918762, 3.3137829303, 3.3577711582, 3.4359726905)
00:00:10.742 -> (3.3724339008, 3.3431084156, 3.1182794570, 3.3235580921, 3.3577711582, 3.4359726905)
00:00:10.846 -> (3.3724339008, 3.3431084156, 3.1133918762, 3.3040077686, 3.3577711582, 3.4359726905)
00:00:10.952 -> (3.3773214817, 3.3284456729, 3.1231670379, 3.3088953495, 3.3577711582, 3.4261975288)
00:00:11.058 -> (3.3724339008, 3.3431084156, 3.1280546188, 3.3479959964, 3.3626587390, 3.4359726905)
00:00:11.164 -> (3.3675463199, 3.3333332538, 3.1085042953, 3.3528835773, 3.3626587390, 3.4310851097)
00:00:11.273 -> (3.3773214817, 3.3382208347, 3.0987291336, 3.3186705112, 3.3675463199, 3.4359726905)
00:00:11.376 -> (3.3724339008, 3.3431084156, 3.1133918762, 3.2893450260, 3.3626587390, 3.4359726905)
00:00:11.483 -> (3.3675463199, 3.3431084156, 3.1231670379, 3.3235580921, 3.3528835773, 3.4359726905)
00:00:11.588 -> (3.3773214817, 3.3431084156, 3.1085042953, 3.2551319599, 3.3675463199, 3.4359726905)
00:00:11.695 -> (3.3773214817, 3.3382208347, 3.0987291336, 3.2991201877, 3.3577711582, 3.4359726905)
00:00:11.803 -> (3.3724339008, 3.3431084156, 3.1133918762, 3.3040077686, 3.3626587390, 3.4310851097)
00:00:11.907 -> (3.3724339008, 3.3479959964, 3.1231670379, 3.3284456729, 3.3577711582, 3.4359726905)
00:00:12.013 -> (3.3822093009, 3.3479959964, 3.1085042953, 3.2795698642, 3.3577711582, 3.4359726905)
00:00:12.119 -> (3.3675463199, 3.3431084156, 3.1231670379, 3.3088953495, 3.3577711582, 3.4310851097)
00:00:12.225 -> (3.3822093009, 3.3479959964, 3.1085042953, 3.2795698642, 3.3626587390, 3.4359726905)
00:00:12.334 -> (3.3724339008, 3.3333332538, 3.0987291336, 3.3137829303, 3.3577711582, 3.4359726905)
00:00:12.437 -> (3.3626587390, 3.3431084156, 3.1182794570, 3.3235580921, 3.3528835773, 3.4310851097)
00:00:12.544 -> (3.3675463199, 3.3431084156, 3.1133918762, 3.2795698642, 3.3675463199, 3.4359726905)
00:00:12.649 -> (3.3724339008, 3.3431084156, 3.1182794570, 3.3137829303, 3.3577711582, 3.4359726905)
00:00:12.755 -> (3.3626587390, 3.3382208347, 3.1133918762, 3.3773214817, 3.3626587390, 3.4359726905)
00:00:12.864 -> (3.3724339008, 3.3382208347, 3.1085042953, 3.3284456729, 3.3626587390, 3.4310851097)
00:00:12.967 -> (3.3724339008, 3.3382208347, 3.1182794570, 3.3284456729, 3.3626587390, 3.4359726905)
00:00:13.073 -> (3.3724339008, 3.3431084156, 3.1280546188, 3.3137829303, 3.3528835773, 3.4408602714)
00:00:13.179 -> (3.3724339008, 3.3382208347, 3.0938415527, 3.3235580921, 3.3626587390, 3.4359726905)
00:00:13.286 -> (3.3724339008, 3.3382208347, 3.1036167144, 3.3040077686, 3.3675463199, 3.4359726905)
00:00:13.394 -> (3.3675463199, 3.3479959964, 3.1036167144, 3.3333332538, 3.3626587390, 3.4359726905)
00:00:13.498 -> (3.3675463199, 3.3431084156, 3.1085042953, 3.2991201877, 3.3528835773, 3.4310851097)
00:00:13.603 -> (3.3773214817, 3.3382208347, 3.1036167144, 3.2649071216, 3.3577711582, 3.4359726905)
00:00:13.710 -> (3.3724339008, 3.3382208347, 3.1182794570, 3.3088953495, 3.3675463199, 3.4310851097)
00:00:13.816 -> (3.3773214817, 3.3382208347, 3.0889539718, 3.2942326068, 3.3626587390, 3.4310851097)
00:00:13.922 -> (3.3724339008, 3.3382208347, 3.1036167144, 3.3137829303, 3.3577711582, 3.4359726905)
00:00:14.030 -> (3.3724339008, 3.3382208347, 3.1085042953, 3.3137829303, 3.3577711582, 3.4359726905)
00:00:14.134 -> (3.3724339008, 3.3382208347, 3.1036167144, 3.3284456729, 3.3675463199, 3.4359726905)
00:00:14.240 -> (3.3724339008, 3.3431084156, 3.1036167144, 3.3284456729, 3.3577711582, 3.4359726905)
00:00:14.347 -> (3.3724339008, 3.3382208347, 3.1036167144, 3.3186705112, 3.3577711582, 3.4359726905)
00:00:14.452 -> (3.3773214817, 3.3431084156, 3.1085042953, 3.3333332538, 3.3626587390, 3.4359726905)
00:00:14.562 -> (3.3724339008, 3.3382208347, 3.1036167144, 3.3137829303, 3.3577711582, 3.4359726905)
00:00:14.664 -> (3.3724339008, 3.3382208347, 3.1085042953, 3.3186705112, 3.3577711582, 3.4310851097)
00:00:14.771 -> (3.3724339008, 3.3431084156, 3.1085042953, 3.3088953495, 3.3577711582, 3.4359726905)
00:00:14.877 -> (3.3675463199, 3.3382208347, 3.1036167144, 3.3040077686, 3.3577711582, 3.4310851097)
00:00:14.983 -> (3.3724339008, 3.3382208347, 3.1036167144, 3.3186705112, 3.3626587390, 3.4359726905)
00:00:15.091 -> (3.3724339008, 3.3382208347, 3.1036167144, 3.3284456729, 3.3577711582, 3.4310851097)
00:00:15.196 -> (3.3773214817, 3.3431084156, 3.0987291336, 3.2746822834, 3.3528835773, 3.4359726905)
00:00:15.301 -> (3.3773214817, 3.3333332538, 3.0889539718, 3.2893450260, 3.3577711582, 3.4408602714)
00:00:15.408 -> (3.3822093009, 3.3431084156, 3.0889539718, 3.3088953495, 3.3626587390, 3.4359726905)
00:00:15.513 -> (3.3675463199, 3.3382208347, 3.0938415527, 3.3577711582, 3.3626587390, 3.4310851097)
00:00:15.623 -> (3.3773214817, 3.3382208347, 3.0840663909, 3.2942326068, 3.3626587390, 3.4359726905)
00:00:15.725 -> (3.3822093009, 3.3382208347, 3.0938415527, 3.3333332538, 3.3479959964, 3.4408602714)
00:00:15.832 -> (3.3626587390, 3.3382208347, 3.1085042953, 3.3675463199, 3.3577711582, 3.4310851097)
00:00:15.938 -> (3.3724339008, 3.3382208347, 3.1085042953, 3.3431084156, 3.3577711582, 3.4310851097)
00:00:16.044 -> (3.3675463199, 3.3431084156, 3.0889539718, 3.3577711582, 3.3577711582, 3.4359726905)
00:00:16.153 -> (3.3626587390, 3.3382208347, 3.0987291336, 3.3333332538, 3.3577711582, 3.4310851097)
00:00:16.256 -> (3.3675463199, 3.3382208347, 3.0938415527, 3.3724339008, 3.3626587390, 3.4359726905)
00:00:16.362 -> (3.3675463199, 3.3382208347, 3.0987291336, 3.3577711582, 3.3626587390, 3.4359726905)
00:00:16.468 -> (3.3724339008, 3.3333332538, 3.1036167144, 3.3382208347, 3.3577711582, 3.4310851097)
00:00:16.574 -> (3.3724339008, 3.3382208347, 3.1085042953, 3.3822093009, 3.3675463199, 3.4359726905)
00:00:16.683 -> (3.3724339008, 3.3431084156, 3.1085042953, 3.3186705112, 3.3577711582, 3.4310851097)
00:00:16.786 -> (3.3724339008, 3.3431084156, 3.0987291336, 3.3724339008, 3.3577711582, 3.4310851097)
00:00:16.892 -> (3.3724339008, 3.3333332538, 3.0889539718, 3.3431084156, 3.3577711582, 3.4359726905)
00:00:16.999 -> (3.3675463199, 3.3333332538, 3.0840663909, 3.3528835773, 3.3626587390, 3.4310851097)
00:00:17.104 -> (3.3675463199, 3.3333332538, 3.0889539718, 3.3773214817, 3.3675463199, 3.4359726905)
00:00:17.213 -> (3.3773214817, 3.3333332538, 3.0645160675, 3.3088953495, 3.3626587390, 3.4359726905)
00:00:17.316 -> (3.3773214817, 3.3382208347, 3.0889539718, 3.3137829303, 3.3577711582, 3.4359726905)
00:00:17.423 -> (3.3724339008, 3.3479959964, 3.0987291336, 3.2795698642, 3.3577711582, 3.4359726905)
00:00:17.529 -> (3.3773214817, 3.3431084156, 3.0987291336, 3.2991201877, 3.3528835773, 3.4359726905)
00:00:17.635 -> (3.3822093009, 3.3284456729, 3.0840663909, 3.3088953495, 3.3626587390, 3.4310851097)
00:00:17.743 -> (3.3773214817, 3.3431084156, 3.1036167144, 3.3088953495, 3.3626587390, 3.4408602714)
00:00:17.847 -> (3.3773214817, 3.3382208347, 3.0889539718, 3.2746822834, 3.3577711582, 3.4310851097)
00:00:17.953 -> (3.3724339008, 3.3382208347, 3.0791788101, 3.3040077686, 3.3577711582, 3.4359726905)
00:00:18.060 -> (3.3822093009, 3.3333332538, 3.0840663909, 3.3284456729, 3.3626587390, 3.4359726905)
00:00:18.165 -> (3.3724339008, 3.3382208347, 3.0987291336, 3.2795698642, 3.3528835773, 3.4359726905)
00:00:18.274 -> (3.3773214817, 3.3382208347, 3.0889539718, 3.3186705112, 3.3577711582, 3.4359726905)
00:00:18.377 -> (3.3773214817, 3.3333332538, 3.0987291336, 3.3235580921, 3.3626587390, 3.4359726905)
00:00:18.484 -> (3.3822093009, 3.3382208347, 3.0791788101, 3.3382208347, 3.3626587390, 3.4359726905)
00:00:18.589 -> (3.3773214817, 3.3431084156, 3.0938415527, 3.3284456729, 3.3577711582, 3.4359726905)
00:00:18.696 -> (3.3724339008, 3.3382208347, 3.0889539718, 3.3137829303, 3.3528835773, 3.4359726905)
00:00:18.805 -> (3.3724339008, 3.3382208347, 3.0889539718, 3.3333332538, 3.3626587390, 3.4359726905)
00:00:18.908 -> (3.3773214817, 3.3431084156, 3.0840663909, 3.3284456729, 3.3626587390, 3.4359726905)
00:00:19.014 -> (3.3724339008, 3.3333332538, 3.0840663909, 3.3137829303, 3.3577711582, 3.4310851097)
00:00:19.120 -> (3.3724339008, 3.3333332538, 3.0889539718, 3.3284456729, 3.3577711582, 3.4359726905)
00:00:19.226 -> (3.3773214817, 3.3431084156, 3.0889539718, 3.3088953495, 3.3528835773, 3.4310851097)
00:00:19.335 -> (3.3724339008, 3.3382208347, 3.0938415527, 3.3088953495, 3.3626587390, 3.4359726905)
00:00:19.438 -> (3.3724339008, 3.3431084156, 3.0889539718, 3.3186705112, 3.3577711582, 3.4359726905)
00:00:19.545 -> (3.3773214817, 3.3431084156, 3.0938415527, 3.3088953495, 3.3577711582, 3.4359726905)
00:00:19.650 -> (3.3773214817, 3.3382208347, 3.0840663909, 3.3040077686, 3.3528835773, 3.4310851097)
00:00:19.757 -> (3.3773214817, 3.3382208347, 3.0840663909, 3.3186705112, 3.3626587390, 3.4359726905)
00:00:19.865 -> (3.3724339008, 3.3333332538, 3.0791788101, 3.3284456729, 3.3577711582, 3.4359726905)
00:00:19.969 -> (3.3724339008, 3.3382208347, 3.0840663909, 3.3137829303, 3.3577711582, 3.4359726905)
00:00:20.075 -> (3.3822093009, 3.3284456729, 3.0938415527, 3.2991201877, 3.3626587390, 3.4359726905)
00:00:20.180 -> (3.3724339008, 3.3333332538, 3.0938415527, 3.3137829303, 3.3626587390, 3.4359726905)
00:00:20.287 -> (3.3773214817, 3.3382208347, 3.0938415527, 3.3137829303, 3.3577711582, 3.4359726905)
00:00:20.396 -> (3.3724339008, 3.3382208347, 3.0889539718, 3.3088953495, 3.3577711582, 3.4310851097)
00:00:20.499 -> (3.3724339008, 3.3382208347, 3.0889539718, 3.3333332538, 3.3626587390, 3.4359726905)
00:00:20.605 -> (3.3773214817, 3.3431084156, 3.0840663909, 3.3284456729, 3.3577711582, 3.4359726905)
00:00:20.711 -> (3.3724339008, 3.3333332538, 3.0791788101, 3.3137829303, 3.3577711582, 3.4310851097)
00:00:20.817 -> (3.3773214817, 3.3382208347, 3.0694036483, 3.3040077686, 3.3577711582, 3.4359726905)
00:00:20.926 -> (3.3724339008, 3.3333332538, 3.0889539718, 3.3186705112, 3.3626587390, 3.4408602714)
00:00:21.029 -> (3.3724339008, 3.3333332538, 3.0889539718, 3.3137829303, 3.3577711582, 3.4359726905)
00:00:21.136 -> (3.3773214817, 3.3333332538, 3.0889539718, 3.3186705112, 3.3626587390, 3.4359726905)
00:00:21.241 -> (3.3675463199, 3.3333332538, 3.0987291336, 3.3382208347, 3.3626587390, 3.4359726905)
00:00:21.348 -> (3.3724339008, 3.3333332538, 3.0840663909, 3.3235580921, 3.3626587390, 3.4310851097)
00:00:21.456 -> (3.3773214817, 3.3333332538, 3.0889539718, 3.3235580921, 3.3528835773, 3.4310851097)
00:00:21.560 -> (3.3724339008, 3.3382208347, 3.0987291336, 3.3333332538, 3.3577711582, 3.4359726905)
00:00:21.666 -> (3.3577711582, 3.3382208347, 3.0987291336, 3.3382208347, 3.3479959964, 3.4359726905)
00:00:21.772 -> (3.3724339008, 3.3333332538, 3.0938415527, 3.3040077686, 3.3577711582, 3.4359726905)
00:00:21.878 -> (3.3675463199, 3.3382208347, 3.0987291336, 3.3137829303, 3.3528835773, 3.4310851097)
00:00:21.987 -> (3.3773214817, 3.3382208347, 3.0889539718, 3.3186705112, 3.3528835773, 3.4359726905)
00:00:22.090 -> (3.3773214817, 3.3284456729, 3.0889539718, 3.3137829303, 3.3431084156, 3.4359726905)
00:00:22.197 -> (3.3675463199, 3.3284456729, 3.0840663909, 3.3724339008, 3.3626587390, 3.4310851097)
00:00:22.302 -> (3.3724339008, 3.3333332538, 3.0840663909, 3.3626587390, 3.3724339008, 3.4359726905)
00:00:22.409 -> (3.3724339008, 3.3431084156, 3.0840663909, 3.2795698642, 3.3577711582, 3.4359726905)
00:00:22.517 -> (3.3773214817, 3.3431084156, 3.0938415527, 3.3284456729, 3.3528835773, 3.4359726905)
00:00:22.621 -> (3.3724339008, 3.3431084156, 3.0889539718, 3.3577711582, 3.3675463199, 3.4359726905)
00:00:22.727 -> (3.3724339008, 3.3333332538, 3.0742912292, 3.3675463199, 3.3675463199, 3.4310851097)
00:00:22.833 -> (3.3822093009, 3.3382208347, 3.0791788101, 3.3382208347, 3.3626587390, 3.4359726905)
00:00:22.939 -> (3.3724339008, 3.3382208347, 3.0889539718, 3.3088953495, 3.3577711582, 3.4310851097)
00:00:23.049 -> (3.3822093009, 3.3333332538, 3.0840663909, 3.3479959964, 3.3626587390, 3.4359726905)
00:00:23.151 -> (3.3724339008, 3.3284456729, 3.0840663909, 3.3675463199, 3.3626587390, 3.4359726905)
00:00:23.257 -> (3.3822093009, 3.3431084156, 3.0840663909, 3.3235580921, 3.3626587390, 3.4408602714)
00:00:23.363 -> (3.3675463199, 3.3382208347, 3.0840663909, 3.3284456729, 3.3577711582, 3.4310851097)
00:00:23.470 -> (3.3773214817, 3.3382208347, 3.0938415527, 3.3186705112, 3.3528835773, 3.4408602714)
00:00:23.578 -> (3.3870968818, 3.3333332538, 3.0694036483, 3.2893450260, 3.3626587390, 3.4310851097)
00:00:23.682 -> (3.3773214817, 3.3235580921, 3.0645160675, 3.3088953495, 3.3626587390, 3.4359726905)
00:00:23.787 -> (3.3724339008, 3.3333332538, 3.0742912292, 3.3235580921, 3.3626587390, 3.4359726905)
00:00:23.894 -> (3.3773214817, 3.3382208347, 3.0742912292, 3.2649071216, 3.3528835773, 3.4359726905)
00:00:24.000 -> (3.3773214817, 3.3382208347, 3.0987291336, 3.3137829303, 3.3626587390, 3.4359726905)
00:00:24.109 -> (3.3724339008, 3.3333332538, 3.0938415527, 3.3431084156, 3.3577711582, 3.4408602714)
00:00:24.212 -> (3.3724339008, 3.3284456729, 3.0840663909, 3.3626587390, 3.3626587390, 3.4310851097)
00:00:24.317 -> (3.3724339008, 3.3284456729, 3.0938415527, 3.3675463199, 3.3626587390, 3.4359726905)
00:00:24.424 -> (3.3773214817, 3.3284456729, 3.0694036483, 3.2697947025, 3.3577711582, 3.4359726905)
00:00:24.530 -> (3.3773214817, 3.3235580921, 3.0742912292, 3.3235580921, 3.3528835773, 3.4359726905)
00:00:24.639 -> (3.3822093009, 3.3333332538, 3.0694036483, 3.3333332538, 3.3577711582, 3.4310851097)
00:00:24.742 -> (3.3773214817, 3.3333332538, 3.0791788101, 3.3137829303, 3.3577711582, 3.4359726905)
00:00:24.848 -> (3.3773214817, 3.3235580921, 3.0889539718, 3.3333332538, 3.3626587390, 3.4359726905)
00:00:24.954 -> (3.3822093009, 3.3333332538, 3.0840663909, 3.3040077686, 3.3626587390, 3.4310851097)
00:00:25.061 -> (3.3773214817, 3.3284456729, 3.0840663909, 3.3186705112, 3.3577711582, 3.4359726905)
00:00:25.169 -> (3.3773214817, 3.3284456729, 3.0840663909, 3.3235580921, 3.3577711582, 3.4359726905)
00:00:25.273 -> (3.3675463199, 3.3235580921, 3.0840663909, 3.3235580921, 3.3626587390, 3.4310851097)
00:00:25.378 -> (3.3724339008, 3.3284456729, 3.0840663909, 3.3284456729, 3.3577711582, 3.4310851097)
00:00:25.485 -> (3.3773214817, 3.3284456729, 3.0840663909, 3.3333332538, 3.3626587390, 3.4359726905)
00:00:25.591 -> (3.3724339008, 3.3284456729, 3.0791788101, 3.3284456729, 3.3577711582, 3.4359726905)
00:00:25.700 -> (3.3773214817, 3.3284456729, 3.0791788101, 3.3235580921, 3.3577711582, 3.4359726905)
00:00:25.803 -> (3.3773214817, 3.3284456729, 3.0840663909, 3.3186705112, 3.3626587390, 3.4359726905)
00:00:25.909 -> (3.3724339008, 3.3284456729, 3.0791788101, 3.3186705112, 3.3528835773, 3.4359726905)
00:00:26.015 -> (3.3773214817, 3.3333332538, 3.0840663909, 3.3235580921, 3.3626587390, 3.4359726905)
00:00:26.122 -> (3.3773214817, 3.3333332538, 3.0840663909, 3.3382208347, 3.3626587390, 3.4310851097)
00:00:26.230 -> (3.3724339008, 3.3333332538, 3.0840663909, 3.3235580921, 3.3479959964, 3.4359726905)
00:00:26.334 -> (3.3822093009, 3.3284456729, 3.0694036483, 3.3088953495, 3.3626587390, 3.4359726905)
00:00:26.439 -> (3.3724339008, 3.3235580921, 3.0840663909, 3.3724339008, 3.3626587390, 3.4359726905)
00:00:26.546 -> (3.3822093009, 3.3333332538, 3.0791788101, 3.3088953495, 3.3479959964, 3.4408602714)
00:00:26.651 -> (3.3773214817, 3.3333332538, 3.0987291336, 3.3186705112, 3.3577711582, 3.4359726905)
00:00:26.760 -> (3.3724339008, 3.3235580921, 3.0645160675, 3.3137829303, 3.3528835773, 3.4359726905)
00:00:26.864 -> (3.3724339008, 3.3235580921, 3.0840663909, 3.3577711582, 3.3626587390, 3.4359726905)
00:00:26.970 -> (3.3724339008, 3.3186705112, 3.0742912292, 3.3137829303, 3.3577711582, 3.4408602714)
00:00:27.076 -> (3.3724339008, 3.3186705112, 3.0694036483, 3.3382208347, 3.3675463199, 3.4359726905)
00:00:27.182 -> (3.3724339008, 3.3235580921, 3.0840663909, 3.3919844627, 3.3626587390, 3.4359726905)
00:00:27.291 -> (3.3773214817, 3.3235580921, 3.0694036483, 3.3040077686, 3.3626587390, 3.4359726905)
00:00:27.395 -> (3.3626587390, 3.3186705112, 3.0840663909, 3.3431084156, 3.3577711582, 3.4359726905)
00:00:27.500 -> (3.3773214817, 3.3284456729, 3.0938415527, 3.3333332538, 3.3528835773, 3.4359726905)
00:00:27.607 -> (3.3675463199, 3.3186705112, 3.0840663909, 3.3675463199, 3.3626587390, 3.4359726905)
00:00:27.713 -> (3.3773214817, 3.3235580921, 3.0742912292, 3.3528835773, 3.3626587390, 3.4359726905)
00:00:27.822 -> (3.3773214817, 3.3235580921, 3.0889539718, 3.3284456729, 3.3528835773, 3.4359726905)
00:00:27.925 -> (3.3773214817, 3.3235580921, 3.0742912292, 3.2746822834, 3.3528835773, 3.4359726905)
00:00:28.030 -> (3.3870968818, 3.3284456729, 3.0791788101, 3.2844574451, 3.3528835773, 3.4359726905)
00:00:28.137 -> (3.3822093009, 3.3186705112, 3.0791788101, 3.3382208347, 3.3577711582, 3.4359726905)
00:00:28.243 -> (3.3724339008, 3.3186705112, 3.0791788101, 3.3284456729, 3.3577711582, 3.4310851097)
00:00:28.352 -> (3.3870968818, 3.3284456729, 3.0694036483, 3.3431084156, 3.3675463199, 3.4310851097)
00:00:28.455 -> (3.3724339008, 3.3137829303, 3.0791788101, 3.3724339008, 3.3626587390, 3.4359726905)
00:00:28.561 -> (3.3773214817, 3.3235580921, 3.0742912292, 3.3137829303, 3.3577711582, 3.4359726905)
00:00:28.667 -> (3.3773214817, 3.3235580921, 3.0791788101, 3.2942326068, 3.3577711582, 3.4359726905)
00:00:28.774 -> (3.3773214817, 3.3186705112, 3.0742912292, 3.2600195407, 3.3479959964, 3.4310851097)
00:00:28.882 -> (3.3773214817, 3.3235580921, 3.0889539718, 3.3235580921, 3.3528835773, 3.4359726905)
00:00:28.986 -> (3.3724339008, 3.3137829303, 3.0791788101, 3.3088953495, 3.3577711582, 3.4359726905)
00:00:29.091 -> (3.3773214817, 3.3186705112, 3.0742912292, 3.3235580921, 3.3577711582, 3.4310851097)
00:00:29.198 -> (3.3724339008, 3.3186705112, 3.0889539718, 3.3822093009, 3.3626587390, 3.4359726905)
00:00:29.303 -> (3.3773214817, 3.3137829303, 3.0645160675, 3.3528835773, 3.3577711582, 3.4310851097)
00:00:29.413 -> (3.3773214817, 3.3137829303, 3.0742912292, 3.3284456729, 3.3577711582, 3.4359726905)
00:00:29.516 -> (3.3773214817, 3.3088953495, 3.0694036483, 3.3235580921, 3.3577711582, 3.4359726905)
00:00:29.622 -> (3.3773214817, 3.3040077686, 3.0742912292, 3.3235580921, 3.3577711582, 3.4310851097)
00:00:29.728 -> (3.3773214817, 3.3088953495, 3.0791788101, 3.3284456729, 3.3577711582, 3.4359726905)
00:00:29.834 -> (3.3822093009, 3.3186705112, 3.0840663909, 3.3088953495, 3.3528835773, 3.4310851097)
00:00:29.943 -> (3.3724339008, 3.3137829303, 3.0791788101, 3.2991201877, 3.3626587390, 3.4359726905)
00:00:30.047 -> (3.3773214817, 3.3137829303, 3.0742912292, 3.3186705112, 3.3577711582, 3.4359726905)
00:00:30.152 -> (3.3773214817, 3.3186705112, 3.0791788101, 3.3284456729, 3.3577711582, 3.4359726905)
00:00:30.259 -> (3.3822093009, 3.3088953495, 3.0742912292, 3.3186705112, 3.3577711582, 3.4359726905)
00:00:30.364 -> (3.3773214817, 3.3137829303, 3.0742912292, 3.3333332538, 3.3528835773, 3.4359726905)
00:00:30.474 -> (3.3724339008, 3.3088953495, 3.0742912292, 3.3284456729, 3.3577711582, 3.4359726905)
00:00:30.577 -> (3.3773214817, 3.3088953495, 3.0742912292, 3.3235580921, 3.3577711582, 3.4359726905)
00:00:30.683 -> (3.3773214817, 3.3137829303, 3.0694036483, 3.3382208347, 3.3626587390, 3.4408602714)
00:00:30.789 -> (3.3724339008, 3.3088953495, 3.0742912292, 3.3088953495, 3.3528835773, 3.4359726905)
00:00:30.895 -> (3.3773214817, 3.3088953495, 3.0742912292, 3.3235580921, 3.3577711582, 3.4359726905)
00:00:31.003 -> (3.3724339008, 3.3040077686, 3.0694036483, 3.3137829303, 3.3626587390, 3.4310851097)
00:00:31.107 -> (3.3724339008, 3.3040077686, 3.0791788101, 3.3528835773, 3.3626587390, 3.4359726905)
00:00:31.213 -> (3.3773214817, 3.3040077686, 3.0596284866, 3.3088953495, 3.3577711582, 3.4359726905)
00:00:31.320 -> (3.3822093009, 3.3137829303, 3.0791788101, 3.2746822834, 3.3479959964, 3.4359726905)
00:00:31.425 -> (3.3675463199, 3.2991201877, 3.0645160675, 3.3382208347, 3.3479959964, 3.4359726905)
00:00:31.542 -> (3.3773214817, 3.3040077686, 3.0694036483, 3.3284456729, 3.3626587390, 3.4310851097)
00:00:31.638 -> (3.3724339008, 3.2942326068, 3.0742912292, 3.3675463199, 3.3626587390, 3.4310851097)
00:00:31.744 -> (3.3822093009, 3.3088953495, 3.0742912292, 3.2551319599, 3.3528835773, 3.4359726905)
00:00:31.850 -> (3.3773214817, 3.3040077686, 3.0547409057, 3.3333332538, 3.3626587390, 3.4310851097)
00:00:31.955 -> (3.3724339008, 3.3040077686, 3.0840663909, 3.3186705112, 3.3577711582, 3.4359726905)
00:00:32.064 -> (3.3773214817, 3.3040077686, 3.0742912292, 3.2991201877, 3.3577711582, 3.4408602714)
00:00:32.168 -> (3.3822093009, 3.2942326068, 3.0596284866, 3.3333332538, 3.3626587390, 3.4359726905)
00:00:32.274 -> (3.3675463199, 3.3088953495, 3.0694036483, 3.3088953495, 3.3577711582, 3.4310851097)
00:00:32.380 -> (3.3773214817, 3.2991201877, 3.0742912292, 3.3333332538, 3.3577711582, 3.4359726905)
00:00:32.486 -> (3.3773214817, 3.3088953495, 3.0742912292, 3.2844574451, 3.3479959964, 3.4359726905)
00:00:32.594 -> (3.3822093009, 3.2991201877, 3.0694036483, 3.3186705112, 3.3626587390, 3.4359726905)
00:00:32.699 -> (3.3822093009, 3.3088953495, 3.0791788101, 3.3333332538, 3.3577711582, 3.4359726905)
00:00:32.804 -> (3.3724339008, 3.2942326068, 3.0791788101, 3.3088953495, 3.3577711582, 3.4359726905)
00:00:32.911 -> (3.3724339008, 3.2942326068, 3.0791788101, 3.3577711582, 3.3675463199, 3.4359726905)
00:00:33.016 -> (3.3724339008, 3.2942326068, 3.0694036483, 3.3577711582, 3.3626587390, 3.4310851097)
00:00:33.125 -> (3.3773214817, 3.2942326068, 3.0596284866, 3.3479959964, 3.3675463199, 3.4359726905)
00:00:33.228 -> (3.3724339008, 3.2991201877, 3.0694036483, 3.3382208347, 3.3626587390, 3.4359726905)
00:00:33.335 -> (3.3773214817, 3.2893450260, 3.0547409057, 3.3577711582, 3.3626587390, 3.4310851097)
00:00:33.441 -> (3.3724339008, 3.2893450260, 3.0547409057, 3.3137829303, 3.3626587390, 3.4359726905)
00:00:33.547 -> (3.3822093009, 3.2942326068, 3.0694036483, 3.3186705112, 3.3528835773, 3.4261975288)
00:00:33.655 -> (3.3626587390, 3.2991201877, 3.0840663909, 3.3186705112, 3.3431084156, 3.4359726905)
00:00:33.759 -> (3.3724339008, 3.2893450260, 3.0840663909, 3.3577711582, 3.3577711582, 3.4359726905)
00:00:33.865 -> (3.3822093009, 3.2942326068, 3.0742912292, 3.2600195407, 3.3577711582, 3.4359726905)
00:00:33.972 -> (3.3822093009, 3.2991201877, 3.0596284866, 3.2697947025, 3.3626587390, 3.4359726905)
00:00:34.077 -> (3.3773214817, 3.2942326068, 3.0596284866, 3.3186705112, 3.3626587390, 3.4359726905)
00:00:34.186 -> (3.3773214817, 3.2893450260, 3.0645160675, 3.3137829303, 3.3528835773, 3.4359726905)
00:00:34.289 -> (3.3773214817, 3.2893450260, 3.0694036483, 3.3186705112, 3.3577711582, 3.4359726905)
00:00:34.396 -> (3.3626587390, 3.2942326068, 3.0694036483, 3.3333332538, 3.3577711582, 3.4359726905)
00:00:34.502 -> (3.3724339008, 3.2942326068, 3.0596284866, 3.3186705112, 3.3577711582, 3.4359726905)
00:00:34.608 -> (3.3773214817, 3.2942326068, 3.0694036483, 3.3235580921, 3.3577711582, 3.4359726905)
00:00:34.716 -> (3.3773214817, 3.2893450260, 3.0694036483, 3.3186705112, 3.3577711582, 3.4310851097)
00:00:34.820 -> (3.3626587390, 3.2942326068, 3.0791788101, 3.3333332538, 3.3577711582, 3.4359726905)
00:00:34.926 -> (3.3773214817, 3.2942326068, 3.0694036483, 3.3186705112, 3.3577711582, 3.4359726905)
00:00:35.033 -> (3.3773214817, 3.2942326068, 3.0694036483, 3.3137829303, 3.3528835773, 3.4359726905)
00:00:35.138 -> (3.3822093009, 3.2942326068, 3.0645160675, 3.3333332538, 3.3577711582, 3.4359726905)
00:00:35.247 -> (3.3822093009, 3.2844574451, 3.0694036483, 3.3284456729, 3.3577711582, 3.4359726905)
00:00:35.350 -> (3.3773214817, 3.2893450260, 3.0645160675, 3.3088953495, 3.3528835773, 3.4359726905)
00:00:35.457 -> (3.3773214817, 3.2942326068, 3.0694036483, 3.3284456729, 3.3577711582, 3.4359726905)
00:00:35.562 -> (3.3822093009, 3.2991201877, 3.0694036483, 3.2893450260, 3.3479959964, 3.4261975288)
00:00:35.668 -> (3.3773214817, 3.2893450260, 3.0694036483, 3.3186705112, 3.3528835773, 3.4310851097)
00:00:35.781 -> (3.3773214817, 3.2893450260, 3.0645160675, 3.3186705112, 3.3528835773, 3.4359726905)
00:00:35.880 -> (3.3773214817, 3.2893450260, 3.0645160675, 3.3186705112, 3.3528835773, 3.4359726905)
00:00:35.987 -> (3.3773214817, 3.2844574451, 3.0791788101, 3.3431084156, 3.3577711582, 3.4310851097)
00:00:36.092 -> (3.3724339008, 3.2844574451, 3.0645160675, 3.3431084156, 3.3528835773, 3.4359726905)
00:00:36.199 -> (3.3773214817, 3.2893450260, 3.0791788101, 3.3382208347, 3.3528835773, 3.4359726905)
00:00:36.307 -> (3.3724339008, 3.2795698642, 3.0645160675, 3.3773214817, 3.3577711582, 3.4359726905)
00:00:36.411 -> (3.3724339008, 3.2795698642, 3.0742912292, 3.3528835773, 3.3577711582, 3.4359726905)
00:00:36.517 -> (3.3724339008, 3.2795698642, 3.0498533248, 3.3137829303, 3.3528835773, 3.4359726905)
00:00:36.623 -> (3.3822093009, 3.2844574451, 3.0645160675, 3.3382208347, 3.3626587390, 3.4359726905)
00:00:36.729 -> (3.3724339008, 3.2942326068, 3.0840663909, 3.3088953495, 3.3528835773, 3.4359726905)
00:00:36.838 -> (3.3724339008, 3.2942326068, 3.0645160675, 3.3675463199, 3.3626587390, 3.4359726905)
00:00:36.941 -> (3.3822093009, 3.2991201877, 3.0694036483, 3.2844574451, 3.3528835773, 3.4359726905)
00:00:37.048 -> (3.3773214817, 3.2893450260, 3.0694036483, 3.2746822834, 3.3577711582, 3.4359726905)
00:00:37.153 -> (3.3822093009, 3.2893450260, 3.0596284866, 3.2942326068, 3.3577711582, 3.4359726905)
00:00:37.260 -> (3.3773214817, 3.2844574451, 3.0547409057, 3.3284456729, 3.3479959964, 3.4359726905)
00:00:37.368 -> (3.3773214817, 3.2746822834, 3.0791788101, 3.3479959964, 3.3577711582, 3.4359726905)
00:00:37.472 -> (3.3773214817, 3.2991201877, 3.0694036483, 3.2746822834, 3.3528835773, 3.4359726905)
00:00:37.578 -> (3.3724339008, 3.2893450260, 3.0791788101, 3.3137829303, 3.3528835773, 3.4359726905)
00:00:37.684 -> (3.3724339008, 3.2893450260, 3.0596284866, 3.3528835773, 3.3626587390, 3.4310851097)
00:00:37.790 -> (3.3724339008, 3.2942326068, 3.0791788101, 3.3773214817, 3.3528835773, 3.4408602714)
00:00:37.899 -> (3.3773214817, 3.2942326068, 3.0694036483, 3.2697947025, 3.3528835773, 3.4359726905)
00:00:38.002 -> (3.3724339008, 3.2795698642, 3.0596284866, 3.3186705112, 3.3626587390, 3.4359726905)
00:00:38.109 -> (3.3773214817, 3.2844574451, 3.0645160675, 3.3479959964, 3.3577711582, 3.4359726905)
00:00:38.214 -> (3.3724339008, 3.2795698642, 3.0547409057, 3.3186705112, 3.3626587390, 3.4359726905)
00:00:38.321 -> (3.3773214817, 3.2795698642, 3.0596284866, 3.3186705112, 3.3626587390, 3.4359726905)
00:00:38.429 -> (3.3675463199, 3.2795698642, 3.0596284866, 3.3724339008, 3.3675463199, 3.4359726905)
00:00:38.533 -> (3.3724339008, 3.2893450260, 3.0742912292, 3.2942326068, 3.3528835773, 3.4310851097)
00:00:38.639 -> (3.3773214817, 3.2942326068, 3.0694036483, 3.2746822834, 3.3528835773, 3.4359726905)
00:00:38.745 -> (3.3773214817, 3.2844574451, 3.0498533248, 3.3040077686, 3.3577711582, 3.4310851097)
00:00:38.851 -> (3.3822093009, 3.2795698642, 3.0596284866, 3.2649071216, 3.3431084156, 3.4359726905)
00:00:38.960 -> (3.3773214817, 3.2942326068, 3.0645160675, 3.2893450260, 3.3479959964, 3.4359726905)
00:00:39.063 -> (3.3773214817, 3.2844574451, 3.0596284866, 3.3137829303, 3.3577711582, 3.4310851097)
00:00:39.170 -> (3.3724339008, 3.2844574451, 3.0645160675, 3.3333332538, 3.3528835773, 3.4359726905)
00:00:39.275 -> (3.3773214817, 3.2844574451, 3.0694036483, 3.3186705112, 3.3528835773, 3.4310851097)
00:00:39.382 -> (3.3724339008, 3.2844574451, 3.0596284866, 3.3186705112, 3.3528835773, 3.4359726905)
00:00:39.490 -> (3.3675463199, 3.2844574451, 3.0694036483, 3.3186705112, 3.3528835773, 3.4359726905)
00:00:39.593 -> (3.3773214817, 3.2844574451, 3.0694036483, 3.3235580921, 3.3577711582, 3.4359726905)
00:00:39.699 -> (3.3675463199, 3.2942326068, 3.0645160675, 3.3040077686, 3.3577711582, 3.4359726905)
00:00:39.805 -> (3.3773214817, 3.2991201877, 3.0645160675, 3.3186705112, 3.3577711582, 3.4359726905)
00:00:39.912 -> (3.3724339008, 3.3040077686, 3.0596284866, 3.3137829303, 3.3528835773, 3.4359726905)
00:00:40.020 -> (3.3773214817, 3.3040077686, 3.0645160675, 3.3284456729, 3.3577711582, 3.4359726905)
00:00:40.124 -> (3.3724339008, 3.3040077686, 3.0694036483, 3.2795698642, 3.3479959964, 3.4359726905)
00:00:40.230 -> (3.3773214817, 3.3040077686, 3.0645160675, 3.3137829303, 3.3577711582, 3.4359726905)
00:00:40.336 -> (3.3724339008, 3.3088953495, 3.0645160675, 3.3137829303, 3.3577711582, 3.4359726905)
00:00:40.442 -> (3.3773214817, 3.3137829303, 3.0547409057, 3.3284456729, 3.3577711582, 3.4359726905)
00:00:40.551 -> (3.3773214817, 3.3137829303, 3.0645160675, 3.3186705112, 3.3577711582, 3.4359726905)
00:00:40.654 -> (3.3773214817, 3.3137829303, 3.0645160675, 3.3186705112, 3.3577711582, 3.4408602714)
00:00:40.761 -> (3.3724339008, 3.3137829303, 3.0742912292, 3.3235580921, 3.3479959964, 3.4359726905)
00:00:40.866 -> (3.3675463199, 3.3088953495, 3.0596284866, 3.3186705112, 3.3577711582, 3.4359726905)
00:00:40.973 -> (3.3822093009, 3.2893450260, 3.0547409057, 3.3186705112, 3.3577711582, 3.4359726905)
00:00:41.078 -> (3.3822093009, 3.2893450260, 3.0596284866, 3.2746822834, 3.3431084156, 3.4359726905)
00:00:41.188 -> (3.3773214817, 3.2844574451, 3.0449657440, 3.2991201877, 3.3577711582, 3.4359726905)
00:00:41.291 -> (3.3675463199, 3.2844574451, 3.0694036483, 3.2551319599, 3.3626587390, 3.4359726905)
00:00:41.397 -> (3.3675463199, 3.2844574451, 3.0547409057, 3.2991201877, 3.3577711582, 3.4359726905)
00:00:41.503 -> (3.3773214817, 3.2991201877, 3.0742912292, 3.2111437320, 3.3528835773, 3.4359726905)
00:00:41.609 -> (3.3773214817, 3.2942326068, 3.0742912292, 3.2453567981, 3.3528835773, 3.4359726905)
00:00:41.718 -> (3.3822093009, 3.2942326068, 3.0596284866, 3.2209188938, 3.3479959964, 3.4359726905)
00:00:41.822 -> (3.3822093009, 3.2893450260, 3.0596284866, 3.2111437320, 3.3479959964, 3.4408602714)
00:00:41.927 -> (3.3724339008, 3.2893450260, 3.0742912292, 3.2942326068, 3.3528835773, 3.4359726905)
00:00:42.034 -> (3.3724339008, 3.2795698642, 3.0547409057, 3.3431084156, 3.3626587390, 3.4310851097)
00:00:42.139 -> (3.3773214817, 3.2844574451, 3.0694036483, 3.2649071216, 3.3528835773, 3.4359726905)
00:00:42.249 -> (3.3773214817, 3.2795698642, 3.0645160675, 3.2502443790, 3.3577711582, 3.4359726905)
00:00:42.352 -> (3.3822093009, 3.2991201877, 3.0742912292, 3.2453567981, 3.3431084156, 3.4359726905)
00:00:42.458 -> (3.3773214817, 3.2942326068, 3.0694036483, 3.2160313129, 3.3577711582, 3.4310851097)
00:00:42.564 -> (3.3724339008, 3.2893450260, 3.0547409057, 3.2991201877, 3.3626587390, 3.4359726905)
00:00:42.670 -> (3.3773214817, 3.2991201877, 3.0791788101, 3.2844574451, 3.3528835773, 3.4359726905)
00:00:42.779 -> (3.3724339008, 3.2991201877, 3.0694036483, 3.2551319599, 3.3479959964, 3.4359726905)
00:00:42.883 -> (3.3724339008, 3.2844574451, 3.0498533248, 3.3088953495, 3.3577711582, 3.4310851097)
00:00:42.993 -> (3.3822093009, 3.2844574451, 3.0449657440, 3.2600195407, 3.3577711582, 3.4359726905)
00:00:43.095 -> (3.3822093009, 3.2844574451, 3.0400781631, 3.2697947025, 3.3577711582, 3.4359726905)
00:00:43.200 -> (3.3675463199, 3.2893450260, 3.0645160675, 3.3235580921, 3.3577711582, 3.4359726905)
00:00:43.310 -> (3.3724339008, 3.2942326068, 3.0694036483, 3.2697947025, 3.3479959964, 3.4359726905)
00:00:43.412 -> (3.3724339008, 3.2991201877, 3.0645160675, 3.2893450260, 3.3577711582, 3.4359726905)
00:00:43.518 -> (3.3773214817, 3.2844574451, 3.0547409057, 3.2893450260, 3.3577711582, 3.4359726905)
00:00:43.625 -> (3.3773214817, 3.2893450260, 3.0449657440, 3.2697947025, 3.3577711582, 3.4310851097)
00:00:43.730 -> (3.3773214817, 3.2795698642, 3.0645160675, 3.2942326068, 3.3528835773, 3.4310851097)
00:00:43.839 -> (3.3773214817, 3.2942326068, 3.0596284866, 3.3040077686, 3.3626587390, 3.4359726905)
00:00:43.942 -> (3.3724339008, 3.2893450260, 3.0547409057, 3.2795698642, 3.3528835773, 3.4359726905)
00:00:44.049 -> (3.3822093009, 3.2942326068, 3.0498533248, 3.2600195407, 3.3528835773, 3.4359726905)
00:00:44.155 -> (3.3724339008, 3.2942326068, 3.0596284866, 3.2502443790, 3.3577711582, 3.4359726905)
00:00:44.261 -> (3.3724339008, 3.2942326068, 3.0645160675, 3.2746822834, 3.3528835773, 3.4359726905)
00:00:44.370 -> (3.3773214817, 3.2942326068, 3.0596284866, 3.2649071216, 3.3528835773, 3.4359726905)
00:00:44.473 -> (3.3773214817, 3.2795698642, 3.0645160675, 3.2844574451, 3.3577711582, 3.4310851097)
00:00:44.579 -> (3.3724339008, 3.2893450260, 3.0498533248, 3.2795698642, 3.3577711582, 3.4310851097)
00:00:44.686 -> (3.3773214817, 3.2942326068, 3.0547409057, 3.2844574451, 3.3577711582, 3.4359726905)
00:00:44.791 -> (3.3724339008, 3.2942326068, 3.0498533248, 3.2649071216, 3.3528835773, 3.4359726905)
00:00:44.900 -> (3.3773214817, 3.2991201877, 3.0547409057, 3.2746822834, 3.3528835773, 3.4359726905)
00:00:45.003 -> (3.3773214817, 3.2991201877, 3.0547409057, 3.2746822834, 3.3528835773, 3.4359726905)
00:00:45.110 -> (3.3724339008, 3.2942326068, 3.0547409057, 3.2746822834, 3.3528835773, 3.4359726905)
00:00:45.216 -> (3.3724339008, 3.2991201877, 3.0547409057, 3.2844574451, 3.3528835773, 3.4359726905)
00:00:45.322 -> (3.3822093009, 3.2942326068, 3.0596284866, 3.2893450260, 3.3577711582, 3.4359726905)
00:00:45.430 -> (3.3773214817, 3.2991201877, 3.0596284866, 3.2893450260, 3.3577711582, 3.4408602714)
00:00:45.534 -> (3.3822093009, 3.2991201877, 3.0400781631, 3.2404692173, 3.3528835773, 3.4359726905)
00:00:45.640 -> (3.3675463199, 3.2942326068, 3.0596284866, 3.2991201877, 3.3528835773, 3.4359726905)
00:00:45.747 -> (3.3773214817, 3.2795698642, 3.0498533248, 3.2942326068, 3.3577711582, 3.4359726905)
00:00:45.852 -> (3.3870968818, 3.2942326068, 3.0498533248, 3.2160313129, 3.3577711582, 3.4408602714)
00:00:45.961 -> (3.3724339008, 3.2893450260, 3.0449657440, 3.2649071216, 3.3528835773, 3.4359726905)
00:00:46.064 -> (3.3724339008, 3.3040077686, 3.0694036483, 3.2746822834, 3.3528835773, 3.4359726905)
00:00:46.171 -> (3.3724339008, 3.3040077686, 3.0645160675, 3.2355816364, 3.3528835773, 3.4310851097)
00:00:46.277 -> (3.3773214817, 3.2942326068, 3.0449657440, 3.2062561511, 3.3479959964, 3.4359726905)
00:00:46.383 -> (3.3773214817, 3.2844574451, 3.0400781631, 3.2942326068, 3.3626587390, 3.4310851097)
00:00:46.491 -> (3.3626587390, 3.2942326068, 3.0498533248, 3.3333332538, 3.3577711582, 3.4310851097)
00:00:46.595 -> (3.3724339008, 3.2991201877, 3.0498533248, 3.2404692173, 3.3577711582, 3.4359726905)
00:00:46.701 -> (3.3773214817, 3.2942326068, 3.0449657440, 3.2649071216, 3.3577711582, 3.4359726905)
00:00:46.807 -> (3.3675463199, 3.2991201877, 3.0645160675, 3.2844574451, 3.3528835773, 3.4359726905)
00:00:46.913 -> (3.3675463199, 3.2991201877, 3.0547409057, 3.2893450260, 3.3626587390, 3.4408602714)
00:00:47.022 -> (3.3822093009, 3.3040077686, 3.0547409057, 3.2697947025, 3.3528835773, 3.4359726905)
00:00:47.125 -> (3.3724339008, 3.3040077686, 3.0645160675, 3.2991201877, 3.3479959964, 3.4359726905)
00:00:47.232 -> (3.3724339008, 3.2942326068, 3.0547409057, 3.2453567981, 3.3479959964, 3.4359726905)
00:00:47.337 -> (3.3773214817, 3.3088953495, 3.0400781631, 3.3333332538, 3.3577711582, 3.4408602714)
00:00:47.443 -> (3.3675463199, 3.2942326068, 3.0547409057, 3.3577711582, 3.3528835773, 3.4310851097)
00:00:47.552 -> (3.3822093009, 3.3040077686, 3.0400781631, 3.2697947025, 3.3528835773, 3.4359726905)
00:00:47.655 -> (3.3724339008, 3.3040077686, 3.0547409057, 3.3333332538, 3.3528835773, 3.4359726905)
00:00:47.762 -> (3.3626587390, 3.3040077686, 3.0547409057, 3.2746822834, 3.3528835773, 3.4359726905)
00:00:47.867 -> (3.3724339008, 3.2991201877, 3.0400781631, 3.2649071216, 3.3577711582, 3.4359726905)
00:00:47.974 -> (3.3773214817, 3.3088953495, 3.0596284866, 3.1964809894, 3.3479959964, 3.4359726905)
00:00:48.082 -> (3.3724339008, 3.3088953495, 3.0645160675, 3.2942326068, 3.3479959964, 3.4359726905)
00:00:48.186 -> (3.3773214817, 3.3040077686, 3.0547409057, 3.2453567981, 3.3626587390, 3.4359726905)
00:00:48.292 -> (3.3724339008, 3.3088953495, 3.0449657440, 3.2258064746, 3.3528835773, 3.4359726905)
00:00:48.398 -> (3.3773214817, 3.2991201877, 3.0400781631, 3.2453567981, 3.3528835773, 3.4359726905)
00:00:48.504 -> (3.3724339008, 3.2991201877, 3.0547409057, 3.2795698642, 3.3528835773, 3.4408602714)
00:00:48.614 -> (3.3724339008, 3.3040077686, 3.0498533248, 3.2746822834, 3.3528835773, 3.4359726905)
00:00:48.716 -> (3.3773214817, 3.3040077686, 3.0547409057, 3.2844574451, 3.3577711582, 3.4408602714)
00:00:48.823 -> (3.3773214817, 3.3040077686, 3.0498533248, 3.2649071216, 3.3528835773, 3.4359726905)
00:00:48.928 -> (3.3773214817, 3.2942326068, 3.0596284866, 3.2355816364, 3.3528835773, 3.4359726905)
00:00:49.035 -> (3.3773214817, 3.3186705112, 3.0547409057, 3.2697947025, 3.3528835773, 3.4359726905)
00:00:49.143 -> (3.3724339008, 3.3040077686, 3.0449657440, 3.2795698642, 3.3528835773, 3.4359726905)
00:00:49.247 -> (3.3724339008, 3.3088953495, 3.0449657440, 3.2795698642, 3.3528835773, 3.4359726905)
00:00:49.353 -> (3.3675463199, 3.3040077686, 3.0498533248, 3.2942326068, 3.3577711582, 3.4261975288)
00:00:49.459 -> (3.3724339008, 3.3088953495, 3.0449657440, 3.2991201877, 3.3528835773, 3.4359726905)
00:00:49.565 -> (3.3724339008, 3.3186705112, 3.0547409057, 3.2697947025, 3.3528835773, 3.4359726905)
00:00:49.674 -> (3.3724339008, 3.3088953495, 3.0449657440, 3.2697947025, 3.3528835773, 3.4359726905)
00:00:49.777 -> (3.3724339008, 3.3040077686, 3.0449657440, 3.2991201877, 3.3577711582, 3.4359726905)
00:00:49.884 -> (3.3724339008, 3.3088953495, 3.0547409057, 3.2844574451, 3.3577711582, 3.4408602714)
00:00:49.989 -> (3.3724339008, 3.3088953495, 3.0498533248, 3.2746822834, 3.3528835773, 3.4359726905)
00:00:50.096 -> (3.3724339008, 3.3088953495, 3.0547409057, 3.2893450260, 3.3577711582, 3.4359726905)
00:00:50.204 -> (3.3675463199, 3.3088953495, 3.0498533248, 3.2795698642, 3.3528835773, 3.4359726905)
00:00:50.308 -> (3.3675463199, 3.2991201877, 3.0498533248, 3.3284456729, 3.3479959964, 3.4359726905)
00:00:50.414 -> (3.3675463199, 3.3088953495, 3.0498533248, 3.3040077686, 3.3479959964, 3.4359726905)
00:00:50.520 -> (3.3675463199, 3.3137829303, 3.0400781631, 3.2600195407, 3.3577711582, 3.4408602714)
00:00:50.626 -> (3.3773214817, 3.3040077686, 3.0400781631, 3.2551319599, 3.3479959964, 3.4359726905)
00:00:50.735 -> (3.3724339008, 3.3186705112, 3.0498533248, 3.2502443790, 3.3528835773, 3.4359726905)
00:00:50.838 -> (3.3773214817, 3.3040077686, 3.0449657440, 3.2893450260, 3.3577711582, 3.4359726905)
00:00:50.944 -> (3.3822093009, 3.3186705112, 3.0449657440, 3.2502443790, 3.3577711582, 3.4359726905)
00:00:51.050 -> (3.3773214817, 3.3186705112, 3.0547409057, 3.2404692173, 3.3528835773, 3.4359726905)
00:00:51.156 -> (3.3626587390, 3.3040077686, 3.0498533248, 3.3186705112, 3.3479959964, 3.4359726905)
00:00:51.265 -> (3.3773214817, 3.3040077686, 3.0303030014, 3.2697947025, 3.3577711582, 3.4359726905)
00:00:51.368 -> (3.3773214817, 3.3088953495, 3.0400781631, 3.3088953495, 3.3577711582, 3.4359726905)
00:00:51.474 -> (3.3724339008, 3.3040077686, 3.0400781631, 3.3528835773, 3.3479959964, 3.4359726905)
00:00:51.580 -> (3.3626587390, 3.3088953495, 3.0596284866, 3.3431084156, 3.3577711582, 3.4359726905)
00:00:51.687 -> (3.3773214817, 3.3137829303, 3.0596284866, 3.2697947025, 3.3479959964, 3.4359726905)
00:00:51.795 -> (3.3822093009, 3.3040077686, 3.0449657440, 3.3040077686, 3.3577711582, 3.4359726905)
00:00:51.899 -> (3.3724339008, 3.3137829303, 3.0596284866, 3.3040077686, 3.3528835773, 3.4359726905)
00:00:52.004 -> (3.3675463199, 3.3088953495, 3.0547409057, 3.3528835773, 3.3528835773, 3.4359726905)
00:00:52.111 -> (3.3675463199, 3.3088953495, 3.0449657440, 3.2453567981, 3.3577711582, 3.4359726905)
00:00:52.217 -> (3.3724339008, 3.3137829303, 3.0351905822, 3.2893450260, 3.3479959964, 3.4359726905)
00:00:52.326 -> (3.3724339008, 3.3088953495, 3.0351905822, 3.3040077686, 3.3528835773, 3.4359726905)
00:00:52.429 -> (3.3675463199, 3.3088953495, 3.0449657440, 3.3382208347, 3.3528835773, 3.4359726905)
00:00:52.535 -> (3.3675463199, 3.3137829303, 3.0498533248, 3.3284456729, 3.3577711582, 3.4359726905)
00:00:52.641 -> (3.3773214817, 3.3137829303, 3.0596284866, 3.3040077686, 3.3528835773, 3.4359726905)
00:00:52.747 -> (3.3822093009, 3.3186705112, 3.0400781631, 3.2795698642, 3.3528835773, 3.4359726905)
00:00:52.856 -> (3.3773214817, 3.3088953495, 3.0400781631, 3.2551319599, 3.3479959964, 3.4408602714)
00:00:52.960 -> (3.3675463199, 3.3186705112, 3.0400781631, 3.2844574451, 3.3577711582, 3.4310851097)
00:00:53.065 -> (3.3675463199, 3.3040077686, 3.0498533248, 3.3626587390, 3.3528835773, 3.4359726905)
00:00:53.172 -> (3.3626587390, 3.3088953495, 3.0498533248, 3.3479959964, 3.3528835773, 3.4359726905)
00:00:53.278 -> (3.3675463199, 3.3088953495, 3.0449657440, 3.3431084156, 3.3479959964, 3.4359726905)
00:00:53.387 -> (3.3724339008, 3.3088953495, 3.0400781631, 3.3088953495, 3.3528835773, 3.4359726905)
00:00:53.490 -> (3.3724339008, 3.3137829303, 3.0400781631, 3.3137829303, 3.3528835773, 3.4359726905)
00:00:53.596 -> (3.3724339008, 3.3137829303, 3.0498533248, 3.3137829303, 3.3528835773, 3.4359726905)
00:00:53.702 -> (3.3773214817, 3.3186705112, 3.0547409057, 3.3284456729, 3.3528835773, 3.4359726905)
00:00:53.809 -> (3.3724339008, 3.3137829303, 3.0400781631, 3.3235580921, 3.3577711582, 3.4408602714)
00:00:53.917 -> (3.3773214817, 3.3088953495, 3.0351905822, 3.3235580921, 3.3577711582, 3.4310851097)
00:00:54.021 -> (3.3724339008, 3.3137829303, 3.0351905822, 3.2746822834, 3.3528835773, 3.4359726905)
00:00:54.126 -> (3.3626587390, 3.3040077686, 3.0351905822, 3.2795698642, 3.3577711582, 3.4359726905)
00:00:54.233 -> (3.3724339008, 3.3137829303, 3.0351905822, 3.2893450260, 3.3528835773, 3.4359726905)
00:00:54.339 -> (3.3773214817, 3.3137829303, 3.0400781631, 3.2649071216, 3.3479959964, 3.4359726905)
00:00:54.448 -> (3.3724339008, 3.3137829303, 3.0449657440, 3.2893450260, 3.3528835773, 3.4359726905)
00:00:54.551 -> (3.3626587390, 3.3137829303, 3.0400781631, 3.2893450260, 3.3479959964, 3.4408602714)
00:00:54.657 -> (3.3724339008, 3.3235580921, 3.0596284866, 3.2649071216, 3.3528835773, 3.4310851097)
00:00:54.763 -> (3.3773214817, 3.3235580921, 3.0449657440, 3.2013685703, 3.3479959964, 3.4359726905)
00:00:54.870 -> (3.3822093009, 3.3235580921, 3.0351905822, 3.2649071216, 3.3431084156, 3.4359726905)
00:00:54.978 -> (3.3773214817, 3.3088953495, 3.0205278396, 3.3186705112, 3.3577711582, 3.4359726905)
00:00:55.081 -> (3.3724339008, 3.3088953495, 3.0449657440, 3.3577711582, 3.3528835773, 3.4310851097)
00:00:55.187 -> (3.3773214817, 3.3235580921, 3.0303030014, 3.2600195407, 3.3431084156, 3.4359726905)
00:00:55.293 -> (3.3724339008, 3.3040077686, 3.0107526779, 3.3040077686, 3.3577711582, 3.4359726905)
00:00:55.400 -> (3.3724339008, 3.3186705112, 3.0351905822, 3.2942326068, 3.3528835773, 3.4310851097)
00:00:55.508 -> (3.3773214817, 3.3137829303, 3.0254154205, 3.3040077686, 3.3577711582, 3.4359726905)
00:00:55.612 -> (3.3773214817, 3.3137829303, 3.0303030014, 3.2942326068, 3.3528835773, 3.4359726905)
00:00:55.717 -> (3.3773214817, 3.3088953495, 3.0449657440, 3.3235580921, 3.3577711582, 3.4359726905)
00:00:55.824 -> (3.3724339008, 3.3137829303, 3.0400781631, 3.3088953495, 3.3479959964, 3.4359726905)
00:00:55.930 -> (3.3675463199, 3.3137829303, 3.0400781631, 3.3186705112, 3.3528835773, 3.4359726905)
00:00:56.039 -> (3.3675463199, 3.3186705112, 3.0351905822, 3.2649071216, 3.3431084156, 3.4359726905)
00:00:56.142 -> (3.3577711582, 3.3186705112, 3.0303030014, 3.2697947025, 3.3577711582, 3.4359726905)
00:00:56.248 -> (3.3822093009, 3.3186705112, 3.0254154205, 3.2844574451, 3.3577711582, 3.4359726905)
00:00:56.354 -> (3.3724339008, 3.3088953495, 3.0351905822, 3.2942326068, 3.3577711582, 3.4310851097)
00:00:56.461 -> (3.3773214817, 3.3235580921, 3.0449657440, 3.2502443790, 3.3479959964, 3.4359726905)
00:00:56.568 -> (3.3822093009, 3.3186705112, 3.0254154205, 3.2844574451, 3.3528835773, 3.4359726905)
00:00:56.673 -> (3.3773214817, 3.3137829303, 3.0205278396, 3.2453567981, 3.3528835773, 3.4310851097)
00:00:56.778 -> (3.3724339008, 3.3088953495, 3.0303030014, 3.3528835773, 3.3577711582, 3.4359726905)
00:00:56.885 -> (3.3724339008, 3.3235580921, 3.0205278396, 3.3040077686, 3.3431084156, 3.4359726905)
00:00:56.990 -> (3.3675463199, 3.3186705112, 3.0205278396, 3.3088953495, 3.3528835773, 3.4359726905)
00:00:57.100 -> (3.3724339008, 3.3235580921, 3.0449657440, 3.3284456729, 3.3479959964, 3.4408602714)
00:00:57.203 -> (3.3675463199, 3.3137829303, 3.0351905822, 3.3333332538, 3.3577711582, 3.4359726905)
00:00:57.309 -> (3.3724339008, 3.3186705112, 3.0449657440, 3.3186705112, 3.3431084156, 3.4359726905)
00:00:57.415 -> (3.3724339008, 3.3235580921, 3.0303030014, 3.2844574451, 3.3479959964, 3.4359726905)
00:00:57.521 -> (3.3626587390, 3.3186705112, 3.0400781631, 3.3773214817, 3.3528835773, 3.4359726905)
00:00:57.629 -> (3.3724339008, 3.3186705112, 3.0303030014, 3.2893450260, 3.3528835773, 3.4359726905)
00:00:57.734 -> (3.3773214817, 3.3137829303, 3.0351905822, 3.3088953495, 3.3479959964, 3.4310851097)
00:00:57.839 -> (3.3724339008, 3.3186705112, 3.0254154205, 3.2697947025, 3.3479959964, 3.4359726905)
00:00:57.946 -> (3.3724339008, 3.3186705112, 3.0303030014, 3.2746822834, 3.3577711582, 3.4359726905)
00:00:58.051 -> (3.3724339008, 3.3186705112, 3.0303030014, 3.2649071216, 3.3528835773, 3.4359726905)
00:00:58.160 -> (3.3724339008, 3.3235580921, 3.0400781631, 3.3088953495, 3.3479959964, 3.4359726905)
00:00:58.264 -> (3.3724339008, 3.3235580921, 3.0449657440, 3.3040077686, 3.3479959964, 3.4359726905)
00:00:58.370 -> (3.3724339008, 3.3235580921, 3.0400781631, 3.3137829303, 3.3479959964, 3.4359726905)
00:00:58.476 -> (3.3675463199, 3.3235580921, 3.0449657440, 3.2991201877, 3.3479959964, 3.4359726905)
00:00:58.582 -> (3.3773214817, 3.3137829303, 3.0351905822, 3.3186705112, 3.3577711582, 3.4359726905)
00:00:58.691 -> (3.3724339008, 3.3235580921, 3.0254154205, 3.3088953495, 3.3479959964, 3.4359726905)
00:00:58.795 -> (3.3724339008, 3.3186705112, 3.0254154205, 3.3088953495, 3.3528835773, 3.4359726905)
00:00:58.900 -> (3.3773214817, 3.3235580921, 3.0351905822, 3.3088953495, 3.3577711582, 3.4359726905)
00:00:59.006 -> (3.3724339008, 3.3186705112, 3.0303030014, 3.3137829303, 3.3479959964, 3.4359726905)
00:00:59.112 -> (3.3724339008, 3.3235580921, 3.0400781631, 3.2844574451, 3.3528835773, 3.4359726905)
00:00:59.220 -> (3.3724339008, 3.3186705112, 3.0303030014, 3.3040077686, 3.3528835773, 3.4359726905)
00:00:59.325 -> (3.3626587390, 3.3186705112, 3.0303030014, 3.2746822834, 3.3479959964, 3.4359726905)
00:00:59.430 -> (3.3675463199, 3.3137829303, 3.0351905822, 3.2551319599, 3.3528835773, 3.4310851097)
00:00:59.537 -> (3.3773214817, 3.3235580921, 3.0254154205, 3.2697947025, 3.3431084156, 3.4359726905)
00:00:59.642 -> (3.3724339008, 3.3137829303, 3.0156402587, 3.3382208347, 3.3577711582, 3.4359726905)
00:00:59.751 -> (3.3773214817, 3.3235580921, 3.0156402587, 3.2551319599, 3.3479959964, 3.4359726905)
00:00:59.855 -> (3.3626587390, 3.3137829303, 3.0254154205, 3.3431084156, 3.3577711582, 3.4408602714)
00:00:59.961 -> (3.3626587390, 3.3186705112, 3.0400781631, 3.3284456729, 3.3479959964, 3.4359726905)
00:01:00.067 -> (3.3773214817, 3.3235580921, 3.0351905822, 3.2111437320, 3.3479959964, 3.4359726905)
00:01:00.173 -> (3.3773214817, 3.3186705112, 3.0303030014, 3.3382208347, 3.3479959964, 3.4408602714)
00:01:00.281 -> (3.3773214817, 3.3284456729, 3.0351905822, 3.3284456729, 3.3431084156, 3.4310851097)
00:01:00.386 -> (3.3626587390, 3.3186705112, 3.0303030014, 3.3626587390, 3.3577711582, 3.4359726905)
00:01:00.491 -> (3.3773214817, 3.3235580921, 3.0254154205, 3.3088953495, 3.3479959964, 3.4359726905)
00:01:00.598 -> (3.3724339008, 3.3235580921, 3.0156402587, 3.3137829303, 3.3528835773, 3.4310851097)
00:01:00.703 -> (3.3675463199, 3.3137829303, 3.0156402587, 3.3137829303, 3.3528835773, 3.4310851097)
00:01:00.812 -> (3.3773214817, 3.3235580921, 3.0156402587, 3.2795698642, 3.3577711582, 3.4359726905)
00:01:00.915 -> (3.3773214817, 3.3235580921, 3.0400781631, 3.2746822834, 3.3431084156, 3.4359726905)
00:01:01.022 -> (3.3773214817, 3.3235580921, 3.0351905822, 3.2649071216, 3.3577711582, 3.4310851097)
00:01:01.128 -> (3.3724339008, 3.3284456729, 3.0498533248, 3.3284456729, 3.3528835773, 3.4359726905)
00:01:01.234 -> (3.3675463199, 3.3235580921, 3.0400781631, 3.3235580921, 3.3479959964, 3.4359726905)
00:01:01.343 -> (3.3724339008, 3.3137829303, 3.0205278396, 3.3528835773, 3.3577711582, 3.4359726905)
00:01:01.446 -> (3.3822093009, 3.3333332538, 3.0303030014, 3.2649071216, 3.3479959964, 3.4359726905)
00:01:01.552 -> (3.3822093009, 3.3284456729, 3.0107526779, 3.2453567981, 3.3431084156, 3.4359726905)
00:01:01.658 -> (3.3577711582, 3.3284456729, 3.0254154205, 3.3626587390, 3.3528835773, 3.4359726905)
00:01:01.764 -> (3.3773214817, 3.3333332538, 3.0156402587, 3.2844574451, 3.3528835773, 3.4310851097)
00:01:01.873 -> (3.3577711582, 3.3186705112, 3.0254154205, 3.3088953495, 3.3479959964, 3.4408602714)
00:01:01.976 -> (3.3675463199, 3.3235580921, 3.0449657440, 3.3479959964, 3.3479959964, 3.4359726905)
00:01:02.083 -> (3.3724339008, 3.3186705112, 3.0400781631, 3.3235580921, 3.3528835773, 3.4359726905)
00:01:02.188 -> (3.3724339008, 3.3235580921, 3.0303030014, 3.2942326068, 3.3431084156, 3.4359726905)
00:01:02.295 -> (3.3773214817, 3.3333332538, 3.0303030014, 3.2697947025, 3.3479959964, 3.4359726905)
00:01:02.403 -> (3.3675463199, 3.3186705112, 3.0205278396, 3.3088953495, 3.3528835773, 3.4359726905)
00:01:02.507 -> (3.3626587390, 3.3235580921, 3.0058650970, 3.3088953495, 3.3528835773, 3.4359726905)
00:01:02.613 -> (3.3724339008, 3.3284456729, 3.0058650970, 3.3186705112, 3.3528835773, 3.4359726905)
00:01:02.718 -> (3.3724339008, 3.3235580921, 3.0156402587, 3.2795698642, 3.3479959964, 3.4408602714)
00:01:02.825 -> (3.3724339008, 3.3235580921, 3.0205278396, 3.3186705112, 3.3479959964, 3.4359726905)
00:01:02.934 -> (3.3724339008, 3.3333332538, 3.0156402587, 3.2697947025, 3.3479959964, 3.4359726905)
00:01:03.037 -> (3.3724339008, 3.3235580921, 3.0107526779, 3.3186705112, 3.3528835773, 3.4310851097)
00:01:03.143 -> (3.3724339008, 3.3235580921, 3.0156402587, 3.3284456729, 3.3479959964, 3.4359726905)
00:01:03.249 -> (3.3675463199, 3.3235580921, 3.0107526779, 3.3333332538, 3.3479959964, 3.4359726905)
00:01:03.355 -> (3.3724339008, 3.3284456729, 3.0058650970, 3.3284456729, 3.3528835773, 3.4359726905)
00:01:03.464 -> (3.3724339008, 3.3284456729, 3.0205278396, 3.2991201877, 3.3528835773, 3.4408602714)
00:01:03.567 -> (3.3724339008, 3.3235580921, 3.0156402587, 3.3040077686, 3.3479959964, 3.4359726905)
00:01:03.674 -> (3.3724339008, 3.3333332538, 3.0156402587, 3.3333332538, 3.3528835773, 3.4359726905)
00:01:03.779 -> (3.3675463199, 3.3235580921, 3.0156402587, 3.3333332538, 3.3528835773, 3.4408602714)
00:01:03.886 -> (3.3724339008, 3.3333332538, 3.0205278396, 3.2600195407, 3.3431084156, 3.4359726905)
00:01:03.994 -> (3.3773214817, 3.3235580921, 3.0009775161, 3.3235580921, 3.3577711582, 3.4359726905)
00:01:04.098 -> (3.3626587390, 3.3284456729, 3.0254154205, 3.2942326068, 3.3577711582, 3.4408602714)
00:01:04.204 -> (3.3724339008, 3.3235580921, 3.0156402587, 3.2991201877, 3.3479959964, 3.4359726905)
00:01:04.310 -> (3.3675463199, 3.3284456729, 3.0254154205, 3.3822093009, 3.3431084156, 3.4359726905)
00:01:04.416 -> (3.3724339008, 3.3284456729, 3.0205278396, 3.3333332538, 3.3479959964, 3.4359726905)
00:01:04.525 -> (3.3724339008, 3.3333332538, 3.0156402587, 3.2795698642, 3.3431084156, 3.4408602714)
00:01:04.628 -> (3.3626587390, 3.3333332538, 3.0205278396, 3.3528835773, 3.3479959964, 3.4359726905)
00:01:04.735 -> (3.3675463199, 3.3284456729, 3.0254154205, 3.3040077686, 3.3431084156, 3.4359726905)
00:01:04.840 -> (3.3675463199, 3.3284456729, 3.0254154205, 3.3626587390, 3.3431084156, 3.4359726905)
00:01:04.947 -> (3.3773214817, 3.3235580921, 3.0303030014, 3.3040077686, 3.3528835773, 3.4408602714)
00:01:05.055 -> (3.3773214817, 3.3284456729, 3.0156402587, 3.2844574451, 3.3431084156, 3.4359726905)
00:01:05.159 -> (3.3675463199, 3.3382208347, 3.0254154205, 3.3284456729, 3.3431084156, 3.4408602714)
00:01:05.265 -> (3.3724339008, 3.3284456729, 3.0107526779, 3.2404692173, 3.3577711582, 3.4359726905)
00:01:05.371 -> (3.3773214817, 3.3284456729, 3.0009775161, 3.2942326068, 3.3528835773, 3.4359726905)
00:01:05.796 -> (3.3724339008, 3.3333332538, 3.0156402587, 3.3040077686, 3.3528835773, 3.4359726905)
00:01:05.901 -> (3.3773214817, 3.3333332538, 3.0107526779, 3.3235580921, 3.3528835773, 3.4310851097)
00:01:06.008 -> (3.3626587390, 3.3284456729, 3.0205278396, 3.2893450260, 3.3382208347, 3.4359726905)
00:01:06.116 -> (3.3724339008, 3.3333332538, 3.0156402587, 3.2844574451, 3.3382208347, 3.4359726905)
00:01:06.432 -> (3.3773214817, 3.3333332538, 3.0009775161, 3.2404692173, 3.3479959964, 3.4359726905)
00:01:06.538 -> (3.3724339008, 3.3235580921, 3.0058650970, 3.3088953495, 3.3479959964, 3.4310851097)
00:01:06.647 -> (3.3724339008, 3.3284456729, 3.0058650970, 3.2991201877, 3.3479959964, 3.4359726905)
00:01:06.750 -> (3.3675463199, 3.3284456729, 3.0058650970, 3.2942326068, 3.3479959964, 3.4310851097)
00:01:06.856 -> (3.3675463199, 3.3235580921, 3.0058650970, 3.3088953495, 3.3479959964, 3.4310851097)
00:01:06.962 -> (3.3773214817, 3.3235580921, 3.0156402587, 3.3088953495, 3.3528835773, 3.4359726905)
00:01:07.068 -> (3.3675463199, 3.3284456729, 3.0107526779, 3.3088953495, 3.3431084156, 3.4359726905)
00:01:07.182 -> (3.3773214817, 3.3284456729, 3.0058650970, 3.3040077686, 3.3479959964, 3.4359726905)
00:01:07.280 -> (3.3773214817, 3.3333332538, 3.0058650970, 3.2991201877, 3.3431084156, 3.4408602714)
00:01:07.387 -> (3.3675463199, 3.3284456729, 3.0009775161, 3.3040077686, 3.3479959964, 3.4359726905)
00:01:07.492 -> (3.3724339008, 3.3333332538, 3.0058650970, 3.3186705112, 3.3479959964, 3.4359726905)
00:01:07.599 -> (3.3724339008, 3.3284456729, 3.0058650970, 3.3186705112, 3.3528835773, 3.4359726905)
00:01:07.707 -> (3.3724339008, 3.3333332538, 3.0058650970, 3.3040077686, 3.3479959964, 3.4359726905)
00:01:07.811 -> (3.3724339008, 3.3382208347, 3.0107526779, 3.3186705112, 3.3528835773, 3.4359726905)
00:01:08.023 -> (3.3773214817, 3.3284456729, 3.0009775161, 3.2991201877, 3.3479959964, 3.4359726905)
00:01:08.129 -> (3.3724339008, 3.3235580921, 3.0107526779, 3.3088953495, 3.3479959964, 3.4359726905)
00:01:08.235 -> (3.3675463199, 3.3284456729, 3.0058650970, 3.3088953495, 3.3479959964, 3.4359726905)
00:01:08.344 -> (3.3724339008, 3.3333332538, 3.0009775161, 3.3137829303, 3.3479959964, 3.4359726905)
00:01:08.448 -> (3.3626587390, 3.3284456729, 3.0156402587, 3.3577711582, 3.3479959964, 3.4359726905)
00:01:08.553 -> (3.3724339008, 3.3333332538, 3.0058650970, 3.3040077686, 3.3382208347, 3.4359726905)
00:01:08.660 -> (3.3724339008, 3.3284456729, 3.0009775161, 3.3284456729, 3.3577711582, 3.4359726905)
00:01:08.765 -> (3.3626587390, 3.3284456729, 3.0058650970, 3.3724339008, 3.3528835773, 3.4359726905)
00:01:08.978 -> (3.3675463199, 3.3333332538, 3.0058650970, 3.3186705112, 3.3479959964, 3.4359726905)
00:01:09.190 -> (3.3773214817, 3.3382208347, 3.0058650970, 3.2551319599, 3.3431084156, 3.4359726905)
00:01:09.296 -> (3.3773214817, 3.3284456729, 3.0107526779, 3.3333332538, 3.3284456729, 3.4310851097)
00:01:09.405 -> (3.3773214817, 3.3186705112, 3.0009775161, 3.2600195407, 3.3479959964, 3.4359726905)
00:01:09.508 -> (3.3675463199, 3.3333332538, 3.0107526779, 3.2795698642, 3.3431084156, 3.4359726905)
00:01:09.721 -> (3.3675463199, 3.3235580921, 3.0107526779, 3.3137829303, 3.3431084156, 3.4359726905)
00:01:09.826 -> (3.3626587390, 3.3284456729, 3.0107526779, 3.3626587390, 3.3479959964, 3.4359726905)
00:01:10.251 -> (3.3626587390, 3.3382208347, 3.0058650970, 3.2844574451, 3.3431084156, 3.4359726905)
00:01:10.356 -> (3.3626587390, 3.3284456729, 3.0156402587, 3.3577711582, 3.3528835773, 3.4359726905)
00:01:10.569 -> (3.3675463199, 3.3382208347, 3.0009775161, 3.2991201877, 3.3479959964, 3.4408602714)
00:01:10.675 -> (3.3773214817, 3.3382208347, 3.0009775161, 3.2502443790, 3.3431084156, 3.4359726905)
00:01:10.781 -> (3.3626587390, 3.3333332538, 3.0009775161, 3.3235580921, 3.3479959964, 3.4359726905)
00:01:11.312 -> (3.3724339008, 3.3235580921, 3.0058650970, 3.3137829303, 3.3431084156, 3.4359726905)
00:01:12.373 -> (3.3675463199, 3.3333332538, 3.0058650970, 3.2991201877, 3.3431084156, 3.4359726905)
00:01:13.009 -> (3.3675463199, 3.3431084156, 3.0156402587, 3.3137829303, 3.3382208347, 3.4359726905)
00:01:13.434 -> (3.3626587390, 3.3382208347, 3.0009775161, 3.2551319599, 3.3333332538, 3.4359726905)
00:01:13.858 -> (3.3724339008, 3.3382208347, 3.0009775161, 3.2893450260, 3.3382208347, 3.4408602714)
00:01:13.963 -> (3.3626587390, 3.3333332538, 3.0009775161, 3.3479959964, 3.3431084156, 3.4359726905)
00:01:15.239 -> (3.3577711582, 3.3382208347, 3.0058650970, 3.3186705112, 3.3431084156, 3.4359726905)
00:01:15.342 -> (3.3724339008, 3.3431084156, 3.0009775161, 3.2844574451, 3.3479959964, 3.4359726905)
