00:00:00.023 -> (3.2160313129, 3.1476051807, 3.3235580921, 3.2502443790, 3.2844574451, 3.2844574451)
00:00:00.501 -> (3.2258064746, 3.1280546188, 3.3186705112, 3.2600195407, 3.2844574451, 3.2893450260)
00:00:00.952 -> (3.2160313129, 3.1329424381, 3.3137829303, 3.2649071216, 3.2697947025, 3.2893450260)
00:00:01.402 -> (3.2209188938, 3.1036167144, 3.3137829303, 3.2551319599, 3.2697947025, 3.2893450260)
00:00:01.853 -> (3.2111437320, 3.1133918762, 3.2893450260, 3.2453567981, 3.2649071216, 3.2795698642)
00:00:02.304 -> (3.2258064746, 3.1378300189, 3.3088953495, 3.2502443790, 3.2697947025, 3.2795698642)
00:00:02.754 -> (3.2160313129, 3.1427175998, 3.3040077686, 3.2551319599, 3.2795698642, 3.2795698642)
00:00:03.206 -> (3.2111437320, 3.1524927616, 3.3040077686, 3.2551319599, 3.2893450260, 3.2795698642)
00:00:03.656 -> (3.2160313129, 3.1524927616, 3.3088953495, 3.2600195407, 3.2942326068, 3.2844574451)
00:00:04.107 -> (3.2160313129, 3.1622679233, 3.3088953495, 3.2649071216, 3.2942326068, 3.2844574451)
00:00:04.557 -> (3.2160313129, 3.1964809894, 3.3137829303, 3.2649071216, 3.3186705112, 3.2844574451)
00:00:05.008 -> (3.2258064746, 3.2062561511, 3.3186705112, 3.2746822834, 3.3235580921, 3.2893450260)
00:00:05.458 -> (3.2306940555, 3.2013685703, 3.3235580921, 3.2795698642, 3.3284456729, 3.2942326068)
00:00:05.909 -> (3.2306940555, 3.1720430850, 3.2942326068, 3.2697947025, 3.3186705112, 3.2942326068)
00:00:06.360 -> (3.2258064746, 3.1573803424, 3.3088953495, 3.2649071216, 3.2991201877, 3.2893450260)
00:00:06.810 -> (3.2258064746, 3.1524927616, 3.3186705112, 3.2697947025, 3.2893450260, 3.2893450260)
00:00:07.261 -> (3.2209188938, 3.1378300189, 3.3186705112, 3.2697947025, 3.2893450260, 3.2893450260)
00:00:07.712 -> (3.2209188938, 3.1378300189, 3.3235580921, 3.2649071216, 3.2844574451, 3.2942326068)
00:00:08.163 -> (3.2209188938, 3.1378300189, 3.3235580921, 3.2697947025, 3.2844574451, 3.2844574451)
00:00:08.613 -> (3.2209188938, 3.1133918762, 3.3186705112, 3.2600195407, 3.2649071216, 3.2844574451)
00:00:09.064 -> (3.2209188938, 3.1182794570, 3.3186705112, 3.2551319599, 3.2649071216, 3.2844574451)
00:00:09.515 -> (3.2111437320, 3.1182794570, 3.2991201877, 3.2551319599, 3.2795698642, 3.2795698642)
00:00:09.965 -> (3.2160313129, 3.1378300189, 3.3040077686, 3.2600195407, 3.2697947025, 3.2795698642)
00:00:10.416 -> (3.2111437320, 3.1524927616, 3.3137829303, 3.2600195407, 3.2844574451, 3.2795698642)
00:00:10.866 -> (3.2160313129, 3.1671555042, 3.3186705112, 3.2649071216, 3.2844574451, 3.2844574451)
00:00:11.317 -> (3.2160313129, 3.1622679233, 3.3088953495, 3.2893450260, 3.2942326068, 3.2893450260)
00:00:11.768 -> (3.2209188938, 3.1720430850, 3.3088953495, 3.2844574451, 3.2991201877, 3.2844574451)
00:00:12.219 -> (3.2209188938, 3.2062561511, 3.3186705112, 3.2893450260, 3.3235580921, 3.2942326068)
00:00:12.669 -> (3.2258064746, 3.2062561511, 3.3186705112, 3.2991201877, 3.3235580921, 3.2893450260)
00:00:13.120 -> (3.2258064746, 3.2013685703, 3.3040077686, 3.2893450260, 3.3235580921, 3.2844574451)
00:00:13.571 -> (3.2209188938, 3.1769306659, 3.3431084156, 3.2795698642, 3.3137829303, 3.2942326068)
00:00:14.021 -> (3.2355816364, 3.1769306659, 3.3333332538, 3.2942326068, 3.3040077686, 3.2942326068)
00:00:14.472 -> (3.2209188938, 3.1622679233, 3.3284456729, 3.2893450260, 3.2942326068, 3.2942326068)
00:00:14.922 -> (3.2258064746, 3.1573803424, 3.3186705112, 3.2893450260, 3.2942326068, 3.2942326068)
00:00:15.373 -> (3.2160313129, 3.1476051807, 3.3186705112, 3.2844574451, 3.2844574451, 3.2942326068)
00:00:15.824 -> (3.2306940555, 3.1524927616, 3.3235580921, 3.2893450260, 3.2795698642, 3.2942326068)
00:00:16.275 -> (3.2209188938, 3.1476051807, 3.3186705112, 3.2844574451, 3.2746822834, 3.2844574451)
00:00:16.726 -> (3.2160313129, 3.1231670379, 3.3088953495, 3.2844574451, 3.2697947025, 3.2844574451)
00:00:17.176 -> (3.2160313129, 3.1280546188, 3.3235580921, 3.2893450260, 3.2746822834, 3.2942326068)
00:00:17.627 -> (3.2209188938, 3.1329424381, 3.3333332538, 3.2649071216, 3.2746822834, 3.2795698642)
00:00:18.077 -> (3.2111437320, 3.1622679233, 3.3235580921, 3.2795698642, 3.2795698642, 3.2844574451)
00:00:18.528 -> (3.2111437320, 3.1622679233, 3.3137829303, 3.2795698642, 3.2893450260, 3.2844574451)
00:00:18.978 -> (3.2160313129, 3.1671555042, 3.3186705112, 3.2746822834, 3.2942326068, 3.2893450260)
00:00:19.430 -> (3.2111437320, 3.1720430850, 3.3137829303, 3.2844574451, 3.2991201877, 3.2893450260)
00:00:19.880 -> (3.2209188938, 3.1769306659, 3.3088953495, 3.2844574451, 3.3040077686, 3.2942326068)
00:00:20.331 -> (3.2209188938, 3.1915934085, 3.3137829303, 3.2844574451, 3.3284456729, 3.3040077686)
00:00:20.782 -> (3.2258064746, 3.2111437320, 3.3088953495, 3.2893450260, 3.3333332538, 3.2991201877)
00:00:21.232 -> (3.2306940555, 3.2111437320, 3.3186705112, 3.2893450260, 3.3235580921, 3.2991201877)
00:00:21.683 -> (3.2306940555, 3.1915934085, 3.3088953495, 3.2795698642, 3.3235580921, 3.3088953495)
00:00:22.133 -> (3.2355816364, 3.1818182468, 3.3186705112, 3.2942326068, 3.3137829303, 3.2991201877)
00:00:22.584 -> (3.2209188938, 3.1622679233, 3.3186705112, 3.2893450260, 3.3040077686, 3.2942326068)
00:00:23.034 -> (3.2258064746, 3.1573803424, 3.3186705112, 3.2942326068, 3.2991201877, 3.2942326068)
00:00:23.486 -> (3.2258064746, 3.1476051807, 3.3235580921, 3.2942326068, 3.2942326068, 3.2991201877)
00:00:23.937 -> (3.2209188938, 3.1427175998, 3.3186705112, 3.2942326068, 3.2893450260, 3.2991201877)
00:00:24.387 -> (3.2258064746, 3.1476051807, 3.3284456729, 3.2893450260, 3.2893450260, 3.2942326068)
00:00:24.838 -> (3.2209188938, 3.1182794570, 3.3137829303, 3.2844574451, 3.2746822834, 3.2893450260)
00:00:25.288 -> (3.2209188938, 3.1182794570, 3.3137829303, 3.2844574451, 3.2746822834, 3.2893450260)
00:00:25.739 -> (3.2209188938, 3.1280546188, 3.3088953495, 3.2795698642, 3.2795698642, 3.2844574451)
00:00:26.189 -> (3.2111437320, 3.1329424381, 3.2991201877, 3.2893450260, 3.2795698642, 3.2844574451)
00:00:26.640 -> (3.2111437320, 3.1476051807, 3.3186705112, 3.2795698642, 3.2942326068, 3.2893450260)
00:00:27.090 -> (3.2160313129, 3.1622679233, 3.3186705112, 3.2795698642, 3.2942326068, 3.2942326068)
00:00:27.542 -> (3.2209188938, 3.1671555042, 3.3186705112, 3.2795698642, 3.2991201877, 3.2893450260)
00:00:27.993 -> (3.2209188938, 3.1769306659, 3.3137829303, 3.2795698642, 3.3040077686, 3.2942326068)
00:00:28.443 -> (3.2209188938, 3.1769306659, 3.3186705112, 3.2844574451, 3.3137829303, 3.2991201877)
00:00:28.894 -> (3.2209188938, 3.2013685703, 3.3186705112, 3.2991201877, 3.3284456729, 3.2991201877)
00:00:29.344 -> (3.2209188938, 3.2062561511, 3.3284456729, 3.2893450260, 3.3382208347, 3.2991201877)
00:00:29.795 -> (3.2306940555, 3.2062561511, 3.3235580921, 3.2942326068, 3.3382208347, 3.3040077686)
00:00:30.245 -> (3.2160313129, 3.1867058277, 3.3186705112, 3.2942326068, 3.3186705112, 3.3040077686)
00:00:30.696 -> (3.2258064746, 3.1671555042, 3.3284456729, 3.2942326068, 3.3088953495, 3.2942326068)
00:00:31.148 -> (3.2258064746, 3.1622679233, 3.3235580921, 3.2893450260, 3.2991201877, 3.2991201877)
00:00:31.598 -> (3.2258064746, 3.1524927616, 3.3235580921, 3.2893450260, 3.2991201877, 3.3040077686)
00:00:32.049 -> (3.2258064746, 3.1524927616, 3.3186705112, 3.2844574451, 3.2893450260, 3.3040077686)
00:00:32.499 -> (3.2306940555, 3.1427175998, 3.3186705112, 3.2844574451, 3.2893450260, 3.3040077686)
00:00:32.950 -> (3.2306940555, 3.1524927616, 3.3186705112, 3.2844574451, 3.2893450260, 3.2942326068)
00:00:33.400 -> (3.2160313129, 3.1182794570, 3.3186705112, 3.2795698642, 3.2697947025, 3.2942326068)
00:00:33.851 -> (3.2209188938, 3.1280546188, 3.3137829303, 3.2795698642, 3.2649071216, 3.2942326068)
00:00:34.301 -> (3.2160313129, 3.1280546188, 3.3235580921, 3.2844574451, 3.2649071216, 3.2942326068)
00:00:34.752 -> (3.2160313129, 3.1573803424, 3.3235580921, 3.2795698642, 3.2844574451, 3.2942326068)
00:00:35.204 -> (3.2160313129, 3.1622679233, 3.3137829303, 3.2795698642, 3.2893450260, 3.2942326068)
00:00:35.654 -> (3.2111437320, 3.1671555042, 3.3137829303, 3.2795698642, 3.2942326068, 3.2942326068)
00:00:36.105 -> (3.2160313129, 3.1769306659, 3.3186705112, 3.2844574451, 3.2991201877, 3.2893450260)
00:00:36.555 -> (3.2160313129, 3.1769306659, 3.3235580921, 3.2795698642, 3.3088953495, 3.2942326068)
00:00:37.006 -> (3.2306940555, 3.2062561511, 3.3284456729, 3.2844574451, 3.3284456729, 3.3040077686)
00:00:37.456 -> (3.2306940555, 3.2209188938, 3.3284456729, 3.2893450260, 3.3284456729, 3.3088953495)
00:00:37.907 -> (3.2306940555, 3.2062561511, 3.3235580921, 3.2844574451, 3.3186705112, 3.3040077686)
00:00:38.358 -> (3.2062561511, 3.1867058277, 3.3382208347, 3.2844574451, 3.3186705112, 3.3040077686)
00:00:38.809 -> (3.2258064746, 3.1867058277, 3.3284456729, 3.2893450260, 3.3040077686, 3.2991201877)
00:00:39.260 -> (3.2306940555, 3.1622679233, 3.3235580921, 3.2893450260, 3.2991201877, 3.3040077686)
00:00:39.710 -> (3.2258064746, 3.1573803424, 3.3235580921, 3.2844574451, 3.2942326068, 3.3040077686)
00:00:40.161 -> (3.2258064746, 3.1476051807, 3.3235580921, 3.2893450260, 3.2893450260, 3.3088953495)
00:00:40.611 -> (3.2209188938, 3.1476051807, 3.3235580921, 3.2844574451, 3.2893450260, 3.3040077686)
00:00:41.062 -> (3.2258064746, 3.1378300189, 3.3186705112, 3.2795698642, 3.2697947025, 3.2991201877)
00:00:41.512 -> (3.2160313129, 3.1280546188, 3.3186705112, 3.2795698642, 3.2697947025, 3.2893450260)
00:00:41.963 -> (3.2209188938, 3.1231670379, 3.3088953495, 3.2746822834, 3.2649071216, 3.2942326068)
00:00:42.414 -> (3.2013685703, 3.1573803424, 3.3040077686, 3.2746822834, 3.2844574451, 3.2942326068)
00:00:42.864 -> (3.2209188938, 3.1769306659, 3.3088953495, 3.2795698642, 3.2942326068, 3.2942326068)
00:00:43.316 -> (3.2062561511, 3.1720430850, 3.3137829303, 3.2844574451, 3.2942326068, 3.2942326068)
00:00:43.766 -> (3.2111437320, 3.1769306659, 3.3137829303, 3.2844574451, 3.2991201877, 3.2991201877)
00:00:44.217 -> (3.2209188938, 3.1769306659, 3.3186705112, 3.2795698642, 3.2991201877, 3.3040077686)
00:00:44.667 -> (3.2111437320, 3.1769306659, 3.3137829303, 3.2844574451, 3.3137829303, 3.3040077686)
00:00:45.118 -> (3.2306940555, 3.2062561511, 3.3333332538, 3.2893450260, 3.3284456729, 3.3088953495)
00:00:45.569 -> (3.2209188938, 3.2013685703, 3.3284456729, 3.2893450260, 3.3284456729, 3.3088953495)
00:00:46.019 -> (3.2209188938, 3.1818182468, 3.3137829303, 3.2844574451, 3.3235580921, 3.3040077686)
00:00:46.470 -> (3.2160313129, 3.1769306659, 3.3284456729, 3.2893450260, 3.3137829303, 3.3088953495)
00:00:46.920 -> (3.2209188938, 3.1622679233, 3.3333332538, 3.2893450260, 3.3088953495, 3.3040077686)
00:00:47.372 -> (3.2258064746, 3.1573803424, 3.3284456729, 3.2893450260, 3.2991201877, 3.2991201877)
00:00:47.822 -> (3.2209188938, 3.1476051807, 3.3235580921, 3.2893450260, 3.2893450260, 3.3088953495)
00:00:48.273 -> (3.2209188938, 3.1476051807, 3.3235580921, 3.2893450260, 3.2844574451, 3.3040077686)
00:00:48.723 -> (3.2160313129, 3.1476051807, 3.3186705112, 3.2893450260, 3.2795698642, 3.3040077686)
00:00:49.174 -> (3.2209188938, 3.1085042953, 3.3137829303, 3.2746822834, 3.2649071216, 3.2991201877)
00:00:49.625 -> (3.2013685703, 3.1231670379, 3.3186705112, 3.2795698642, 3.2649071216, 3.2942326068)
00:00:50.075 -> (3.1964809894, 3.1329424381, 3.2991201877, 3.2893450260, 3.2746822834, 3.2942326068)
00:00:50.526 -> (3.2111437320, 3.1378300189, 3.3088953495, 3.2795698642, 3.2795698642, 3.2991201877)
00:00:50.976 -> (3.2160313129, 3.1573803424, 3.3137829303, 3.2795698642, 3.2893450260, 3.2942326068)
00:00:51.427 -> (3.2160313129, 3.1573803424, 3.3137829303, 3.2844574451, 3.2893450260, 3.2991201877)
00:00:51.878 -> (3.2209188938, 3.1671555042, 3.3235580921, 3.2844574451, 3.2942326068, 3.2991201877)
00:00:52.329 -> (3.2111437320, 3.1769306659, 3.3137829303, 3.2746822834, 3.3040077686, 3.3040077686)
00:00:52.780 -> (3.2258064746, 3.2111437320, 3.3284456729, 3.2893450260, 3.3235580921, 3.3137829303)
00:00:53.230 -> (3.2258064746, 3.1964809894, 3.3284456729, 3.2893450260, 3.3333332538, 3.3137829303)
00:00:53.681 -> (3.2209188938, 3.1818182468, 3.3137829303, 3.2844574451, 3.3235580921, 3.3137829303)
00:00:54.131 -> (3.2404692173, 3.1720430850, 3.3284456729, 3.2844574451, 3.3040077686, 3.3088953495)
00:00:54.582 -> (3.2258064746, 3.1524927616, 3.3186705112, 3.2893450260, 3.2942326068, 3.3088953495)
00:00:55.032 -> (3.2306940555, 3.1524927616, 3.3235580921, 3.2844574451, 3.2844574451, 3.3137829303)
00:00:55.484 -> (3.2258064746, 3.1476051807, 3.3235580921, 3.2844574451, 3.2795698642, 3.3040077686)
00:00:55.934 -> (3.2209188938, 3.1524927616, 3.3137829303, 3.2893450260, 3.2795698642, 3.3040077686)
00:00:56.385 -> (3.2209188938, 3.1231670379, 3.3186705112, 3.2795698642, 3.2649071216, 3.2991201877)
00:00:56.836 -> (3.2160313129, 3.1231670379, 3.3137829303, 3.2844574451, 3.2649071216, 3.2942326068)
00:00:57.286 -> (3.2062561511, 3.1378300189, 3.3040077686, 3.2942326068, 3.2697947025, 3.2942326068)
00:00:57.737 -> (3.2209188938, 3.1573803424, 3.3088953495, 3.2697947025, 3.2844574451, 3.3040077686)
00:00:58.187 -> (3.2111437320, 3.1671555042, 3.3088953495, 3.2795698642, 3.2844574451, 3.2991201877)
00:00:58.638 -> (3.2111437320, 3.1769306659, 3.3186705112, 3.2844574451, 3.2893450260, 3.2991201877)
00:00:59.088 -> (3.2160313129, 3.1769306659, 3.3137829303, 3.2844574451, 3.2942326068, 3.2991201877)
00:00:59.540 -> (3.2160313129, 3.1867058277, 3.3284456729, 3.2844574451, 3.3186705112, 3.3088953495)
00:00:59.991 -> (3.2209188938, 3.2111437320, 3.3284456729, 3.2893450260, 3.3235580921, 3.3088953495)
00:01:00.441 -> (3.2209188938, 3.2013685703, 3.3284456729, 3.2942326068, 3.3235580921, 3.3186705112)
00:01:00.892 -> (3.2209188938, 3.1818182468, 3.3088953495, 3.2795698642, 3.3137829303, 3.3186705112)
00:01:01.342 -> (3.2209188938, 3.1671555042, 3.3284456729, 3.2942326068, 3.3040077686, 3.3088953495)
00:01:01.793 -> (3.2160313129, 3.1573803424, 3.3235580921, 3.2893450260, 3.2991201877, 3.3088953495)
00:01:02.243 -> (3.2160313129, 3.1476051807, 3.3235580921, 3.2942326068, 3.2942326068, 3.3088953495)
00:01:02.694 -> (3.2209188938, 3.1329424381, 3.3235580921, 3.2893450260, 3.2844574451, 3.3088953495)
00:01:03.144 -> (3.2209188938, 3.1476051807, 3.3137829303, 3.2893450260, 3.2893450260, 3.3088953495)
00:01:03.596 -> (3.2111437320, 3.1231670379, 3.3088953495, 3.2795698642, 3.2697947025, 3.3040077686)
00:01:04.047 -> (3.2160313129, 3.1231670379, 3.3088953495, 3.2844574451, 3.2697947025, 3.3040077686)
00:01:04.497 -> (3.2209188938, 3.1231670379, 3.3088953495, 3.2649071216, 3.2746822834, 3.2991201877)
00:01:04.948 -> (3.2209188938, 3.1524927616, 3.3137829303, 3.2746822834, 3.2844574451, 3.3040077686)
00:01:05.398 -> (3.2111437320, 3.1622679233, 3.3137829303, 3.2844574451, 3.2844574451, 3.2991201877)
00:01:05.849 -> (3.2160313129, 3.1622679233, 3.3088953495, 3.2844574451, 3.2942326068, 3.2991201877)
00:01:06.299 -> (3.2209188938, 3.1720430850, 3.3137829303, 3.2795698642, 3.3040077686, 3.3040077686)
00:01:06.750 -> (3.2160313129, 3.1769306659, 3.3186705112, 3.2844574451, 3.3040077686, 3.3040077686)
00:01:07.201 -> (3.2258064746, 3.2062561511, 3.3235580921, 3.2746822834, 3.3235580921, 3.3137829303)
00:01:07.652 -> (3.2258064746, 3.2013685703, 3.3235580921, 3.2893450260, 3.3333332538, 3.3137829303)
00:01:08.103 -> (3.2306940555, 3.2062561511, 3.3235580921, 3.2844574451, 3.3186705112, 3.3137829303)
00:01:08.553 -> (3.2111437320, 3.1867058277, 3.3040077686, 3.2795698642, 3.3235580921, 3.3137829303)
00:01:09.004 -> (3.2209188938, 3.1769306659, 3.3235580921, 3.2942326068, 3.3040077686, 3.3137829303)
00:01:09.454 -> (3.2258064746, 3.1671555042, 3.3235580921, 3.2942326068, 3.2991201877, 3.3186705112)
00:01:09.905 -> (3.2160313129, 3.1524927616, 3.3235580921, 3.2893450260, 3.2942326068, 3.3088953495)
00:01:10.355 -> (3.2160313129, 3.1524927616, 3.3235580921, 3.2942326068, 3.2893450260, 3.3088953495)
00:01:10.806 -> (3.2160313129, 3.1573803424, 3.3186705112, 3.2942326068, 3.2893450260, 3.3137829303)
00:01:11.257 -> (3.2160313129, 3.1231670379, 3.3088953495, 3.2844574451, 3.2795698642, 3.3088953495)
00:01:11.707 -> (3.2160313129, 3.1280546188, 3.3186705112, 3.2746822834, 3.2697947025, 3.3040077686)
00:01:12.159 -> (3.2062561511, 3.1280546188, 3.2991201877, 3.2697947025, 3.2844574451, 3.3040077686)
00:01:12.609 -> (3.2111437320, 3.1524927616, 3.3088953495, 3.2795698642, 3.2795698642, 3.2991201877)
00:01:13.060 -> (3.2160313129, 3.1769306659, 3.3040077686, 3.2844574451, 3.2893450260, 3.3040077686)
00:01:13.510 -> (3.2111437320, 3.1769306659, 3.3137829303, 3.2844574451, 3.2942326068, 3.3040077686)
00:01:13.961 -> (3.2111437320, 3.1818182468, 3.3137829303, 3.2844574451, 3.3040077686, 3.3040077686)
00:01:14.412 -> (3.2062561511, 3.1867058277, 3.3186705112, 3.2893450260, 3.3137829303, 3.3040077686)
00:01:14.862 -> (3.2209188938, 3.2062561511, 3.3186705112, 3.2893450260, 3.3284456729, 3.3137829303)
00:01:15.313 -> (3.2209188938, 3.2062561511, 3.3284456729, 3.2942326068, 3.3284456729, 3.3186705112)
00:01:15.763 -> (3.2160313129, 3.1964809894, 3.3333332538, 3.2942326068, 3.3235580921, 3.3088953495)
00:01:16.215 -> (3.2306940555, 3.1720430850, 3.3186705112, 3.2795698642, 3.3186705112, 3.3137829303)
00:01:16.665 -> (3.2160313129, 3.1671555042, 3.3235580921, 3.2893450260, 3.3040077686, 3.3137829303)
00:01:17.116 -> (3.2209188938, 3.1622679233, 3.3235580921, 3.2893450260, 3.2991201877, 3.3137829303)
00:01:17.566 -> (3.2160313129, 3.1524927616, 3.3186705112, 3.2844574451, 3.2991201877, 3.3186705112)
00:01:18.017 -> (3.2258064746, 3.1476051807, 3.3186705112, 3.2893450260, 3.2942326068, 3.3137829303)
00:01:18.468 -> (3.2111437320, 3.1524927616, 3.3186705112, 3.2893450260, 3.2795698642, 3.3088953495)
00:01:18.918 -> (3.2258064746, 3.1378300189, 3.3088953495, 3.2795698642, 3.2795698642, 3.3088953495)
00:01:19.369 -> (3.2111437320, 3.1329424381, 3.3235580921, 3.2844574451, 3.2746822834, 3.3040077686)
00:01:19.820 -> (3.2258064746, 3.1427175998, 3.3088953495, 3.2942326068, 3.2844574451, 3.3088953495)
00:01:20.271 -> (3.1964809894, 3.1720430850, 3.3137829303, 3.2746822834, 3.2893450260, 3.3040077686)
00:01:20.721 -> (3.2160313129, 3.1769306659, 3.3137829303, 3.2795698642, 3.2991201877, 3.3040077686)
00:01:21.172 -> (3.2160313129, 3.1769306659, 3.3137829303, 3.2844574451, 3.2991201877, 3.3040077686)
00:01:21.623 -> (3.2160313129, 3.1769306659, 3.3137829303, 3.2844574451, 3.3040077686, 3.3088953495)
00:01:22.073 -> (3.2160313129, 3.1915934085, 3.3186705112, 3.2844574451, 3.3284456729, 3.3137829303)
00:01:22.524 -> (3.2258064746, 3.2160313129, 3.3235580921, 3.2942326068, 3.3382208347, 3.3186705112)
00:01:22.974 -> (3.2160313129, 3.2013685703, 3.3333332538, 3.2991201877, 3.3333332538, 3.3137829303)
00:01:23.425 -> (3.2209188938, 3.1769306659, 3.3137829303, 3.2844574451, 3.3235580921, 3.3186705112)
00:01:23.876 -> (3.2209188938, 3.1769306659, 3.3333332538, 3.2991201877, 3.3186705112, 3.3137829303)
00:01:24.327 -> (3.2209188938, 3.1671555042, 3.3235580921, 3.2942326068, 3.3088953495, 3.3137829303)
00:01:24.777 -> (3.2209188938, 3.1622679233, 3.3235580921, 3.2942326068, 3.3088953495, 3.3137829303)
00:01:25.228 -> (3.2209188938, 3.1573803424, 3.3186705112, 3.2893450260, 3.2991201877, 3.3040077686)
00:01:25.679 -> (3.2160313129, 3.1622679233, 3.3186705112, 3.2844574451, 3.2991201877, 3.3186705112)
00:01:26.129 -> (3.2209188938, 3.1427175998, 3.3137829303, 3.2844574451, 3.2844574451, 3.3137829303)
00:01:26.580 -> (3.2111437320, 3.1329424381, 3.3186705112, 3.2844574451, 3.2746822834, 3.3088953495)
00:01:27.031 -> (3.2013685703, 3.1524927616, 3.3186705112, 3.2893450260, 3.2795698642, 3.3040077686)
00:01:27.482 -> (3.2209188938, 3.1476051807, 3.3137829303, 3.2649071216, 3.2844574451, 3.3040077686)
00:01:27.932 -> (3.2160313129, 3.1671555042, 3.3137829303, 3.2746822834, 3.2991201877, 3.3137829303)
00:01:28.383 -> (3.2111437320, 3.1671555042, 3.3137829303, 3.2795698642, 3.3040077686, 3.3088953495)
00:01:28.834 -> (3.2111437320, 3.1671555042, 3.3137829303, 3.2795698642, 3.3088953495, 3.2991201877)
00:01:29.284 -> (3.2160313129, 3.1671555042, 3.3137829303, 3.2893450260, 3.3137829303, 3.3040077686)
00:01:29.735 -> (3.2258064746, 3.2062561511, 3.3186705112, 3.2844574451, 3.3382208347, 3.3186705112)
00:01:30.185 -> (3.2111437320, 3.2062561511, 3.3137829303, 3.2893450260, 3.3382208347, 3.3137829303)
00:01:30.636 -> (3.2355816364, 3.1915934085, 3.3382208347, 3.2942326068, 3.3333332538, 3.3137829303)
00:01:31.086 -> (3.2258064746, 3.1720430850, 3.3235580921, 3.2893450260, 3.3186705112, 3.3186705112)
00:01:31.538 -> (3.2209188938, 3.1622679233, 3.3186705112, 3.2893450260, 3.3088953495, 3.3186705112)
00:01:31.988 -> (3.2258064746, 3.1524927616, 3.3186705112, 3.2844574451, 3.2991201877, 3.3186705112)
00:01:32.439 -> (3.2209188938, 3.1476051807, 3.3186705112, 3.2893450260, 3.2942326068, 3.3186705112)
00:01:32.890 -> (3.2160313129, 3.1524927616, 3.3137829303, 3.2893450260, 3.2942326068, 3.3186705112)
00:01:33.340 -> (3.2209188938, 3.1280546188, 3.3137829303, 3.2844574451, 3.2795698642, 3.3088953495)
00:01:33.791 -> (3.2013685703, 3.1231670379, 3.2942326068, 3.2746822834, 3.2697947025, 3.3040077686)
00:01:34.241 -> (3.2013685703, 3.1524927616, 3.3137829303, 3.2746822834, 3.2844574451, 3.3040077686)
00:01:34.692 -> (3.2062561511, 3.1671555042, 3.3088953495, 3.2795698642, 3.2942326068, 3.3088953495)
00:01:35.142 -> (3.2160313129, 3.1720430850, 3.3088953495, 3.2795698642, 3.3040077686, 3.3088953495)
00:01:35.594 -> (3.2111437320, 3.1769306659, 3.3137829303, 3.2844574451, 3.3040077686, 3.3088953495)
00:01:36.045 -> (3.2111437320, 3.1915934085, 3.3186705112, 3.2893450260, 3.3235580921, 3.3186705112)
00:01:36.495 -> (3.2258064746, 3.2111437320, 3.3235580921, 3.2844574451, 3.3382208347, 3.3186705112)
00:01:36.946 -> (3.2209188938, 3.2013685703, 3.3088953495, 3.2991201877, 3.3284456729, 3.3186705112)
00:01:37.396 -> (3.2306940555, 3.1769306659, 3.3186705112, 3.2893450260, 3.3186705112, 3.3137829303)
00:01:37.847 -> (3.2160313129, 3.1573803424, 3.3186705112, 3.2893450260, 3.3088953495, 3.3186705112)
00:01:38.297 -> (3.2209188938, 3.1573803424, 3.3137829303, 3.2893450260, 3.3040077686, 3.3137829303)
00:01:38.748 -> (3.2160313129, 3.1524927616, 3.3235580921, 3.2844574451, 3.2942326068, 3.3137829303)
00:01:39.198 -> (3.2209188938, 3.1573803424, 3.3235580921, 3.2893450260, 3.2893450260, 3.3137829303)
00:01:39.650 -> (3.2062561511, 3.1476051807, 3.3088953495, 3.2795698642, 3.2795698642, 3.3040077686)
00:01:40.101 -> (3.2209188938, 3.1573803424, 3.3040077686, 3.2746822834, 3.2795698642, 3.3040077686)
00:01:40.551 -> (3.2062561511, 3.1573803424, 3.3088953495, 3.2795698642, 3.2844574451, 3.2942326068)
00:01:41.002 -> (3.1964809894, 3.1720430850, 3.3186705112, 3.2795698642, 3.2942326068, 3.3088953495)
00:01:41.452 -> (3.2111437320, 3.1769306659, 3.3137829303, 3.2844574451, 3.3088953495, 3.3040077686)
00:01:41.903 -> (3.2111437320, 3.1867058277, 3.3137829303, 3.2844574451, 3.3088953495, 3.3040077686)
00:01:42.353 -> (3.2111437320, 3.2160313129, 3.3186705112, 3.2893450260, 3.3284456729, 3.3137829303)
00:01:42.804 -> (3.2160313129, 3.2160313129, 3.3137829303, 3.2893450260, 3.3333332538, 3.3137829303)
00:01:43.255 -> (3.2160313129, 3.2013685703, 3.3333332538, 3.2942326068, 3.3186705112, 3.3137829303)
00:01:43.706 -> (3.2258064746, 3.1818182468, 3.3235580921, 3.2795698642, 3.3186705112, 3.3186705112)
00:01:44.157 -> (3.2160313129, 3.1622679233, 3.3186705112, 3.2893450260, 3.3088953495, 3.3137829303)
00:01:44.607 -> (3.2160313129, 3.1573803424, 3.3186705112, 3.2893450260, 3.2991201877, 3.3088953495)
00:01:45.058 -> (3.2160313129, 3.1524927616, 3.3235580921, 3.2844574451, 3.2942326068, 3.3137829303)
00:01:45.508 -> (3.2111437320, 3.1622679233, 3.3137829303, 3.2844574451, 3.2844574451, 3.3088953495)
00:01:45.959 -> (3.2209188938, 3.1378300189, 3.3137829303, 3.2844574451, 3.2746822834, 3.3040077686)
00:01:46.409 -> (3.2258064746, 3.1476051807, 3.2991201877, 3.2649071216, 3.2942326068, 3.3088953495)
00:01:46.860 -> (3.1964809894, 3.1622679233, 3.3088953495, 3.2795698642, 3.2942326068, 3.2991201877)
00:01:47.312 -> (3.2160313129, 3.1720430850, 3.3137829303, 3.2795698642, 3.2991201877, 3.3088953495)
00:01:47.762 -> (3.2111437320, 3.1769306659, 3.3137829303, 3.2795698642, 3.3040077686, 3.3137829303)
00:01:48.213 -> (3.2111437320, 3.1867058277, 3.3186705112, 3.2844574451, 3.3088953495, 3.3137829303)
00:01:48.663 -> (3.2209188938, 3.2209188938, 3.3235580921, 3.2844574451, 3.3382208347, 3.3137829303)
00:01:49.114 -> (3.2160313129, 3.2111437320, 3.3284456729, 3.2893450260, 3.3235580921, 3.3186705112)
00:01:49.564 -> (3.2258064746, 3.1915934085, 3.3431084156, 3.2795698642, 3.3186705112, 3.3186705112)
00:01:50.015 -> (3.2111437320, 3.1671555042, 3.3186705112, 3.2844574451, 3.3088953495, 3.3137829303)
00:01:50.466 -> (3.2209188938, 3.1622679233, 3.3186705112, 3.2844574451, 3.3040077686, 3.3137829303)
00:01:50.916 -> (3.2160313129, 3.1476051807, 3.3186705112, 3.2893450260, 3.2942326068, 3.3137829303)
00:01:51.368 -> (3.2160313129, 3.1573803424, 3.3186705112, 3.2844574451, 3.2893450260, 3.3137829303)
00:01:51.818 -> (3.2111437320, 3.1427175998, 3.3088953495, 3.2844574451, 3.2795698642, 3.3040077686)
00:01:52.269 -> (3.1964809894, 3.1524927616, 3.3088953495, 3.2795698642, 3.2844574451, 3.3088953495)
00:01:52.719 -> (3.2062561511, 3.1671555042, 3.3186705112, 3.2795698642, 3.2893450260, 3.3040077686)
00:01:53.170 -> (3.2013685703, 3.1769306659, 3.3040077686, 3.2746822834, 3.2942326068, 3.3088953495)
00:01:53.620 -> (3.2160313129, 3.1915934085, 3.3137829303, 3.2844574451, 3.3040077686, 3.3040077686)
00:01:54.071 -> (3.2062561511, 3.1915934085, 3.3137829303, 3.2844574451, 3.3088953495, 3.3088953495)
00:01:54.522 -> (3.2160313129, 3.2209188938, 3.3235580921, 3.2844574451, 3.3333332538, 3.3186705112)
00:01:54.972 -> (3.2209188938, 3.2111437320, 3.3284456729, 3.2844574451, 3.3333332538, 3.3186705112)
00:01:55.424 -> (3.2111437320, 3.2062561511, 3.3431084156, 3.2795698642, 3.3235580921, 3.3186705112)
00:01:55.874 -> (3.2209188938, 3.1867058277, 3.3235580921, 3.2893450260, 3.3137829303, 3.3137829303)
00:01:56.325 -> (3.2160313129, 3.1720430850, 3.3186705112, 3.2893450260, 3.2991201877, 3.3137829303)
00:01:56.775 -> (3.2258064746, 3.1622679233, 3.3186705112, 3.2893450260, 3.2942326068, 3.3137829303)
00:01:57.226 -> (3.2160313129, 3.1671555042, 3.3186705112, 3.2795698642, 3.2942326068, 3.3137829303)
00:01:57.677 -> (3.2062561511, 3.1427175998, 3.3088953495, 3.2697947025, 3.2746822834, 3.3137829303)
00:01:58.127 -> (3.2062561511, 3.1524927616, 3.2991201877, 3.2844574451, 3.2893450260, 3.3088953495)
00:01:58.578 -> (3.2062561511, 3.1671555042, 3.3137829303, 3.2746822834, 3.2893450260, 3.3088953495)
00:01:59.029 -> (3.2111437320, 3.1818182468, 3.3137829303, 3.2746822834, 3.2942326068, 3.3088953495)
00:01:59.480 -> (3.2160313129, 3.1915934085, 3.3186705112, 3.2844574451, 3.3040077686, 3.3088953495)
00:01:59.930 -> (3.2160313129, 3.1964809894, 3.3137829303, 3.2795698642, 3.3186705112, 3.3137829303)
00:02:00.381 -> (3.2306940555, 3.2306940555, 3.3284456729, 3.2942326068, 3.3382208347, 3.3186705112)
00:02:00.832 -> (3.2209188938, 3.2160313129, 3.3235580921, 3.2991201877, 3.3333332538, 3.3137829303)
00:02:01.282 -> (3.2160313129, 3.1818182468, 3.3284456729, 3.2844574451, 3.3186705112, 3.3186705112)
00:02:01.733 -> (3.2209188938, 3.1720430850, 3.3186705112, 3.2893450260, 3.2991201877, 3.3186705112)
00:02:02.183 -> (3.2160313129, 3.1622679233, 3.3235580921, 3.2893450260, 3.2942326068, 3.3186705112)
00:02:02.635 -> (3.2258064746, 3.1671555042, 3.3186705112, 3.2844574451, 3.2893450260, 3.3137829303)
00:02:03.085 -> (3.2111437320, 3.1378300189, 3.3088953495, 3.2795698642, 3.2697947025, 3.3088953495)
00:02:03.536 -> (3.2062561511, 3.1476051807, 3.3235580921, 3.2746822834, 3.2697947025, 3.3137829303)
00:02:03.986 -> (3.2111437320, 3.1622679233, 3.3088953495, 3.2795698642, 3.2844574451, 3.3088953495)
00:02:04.437 -> (3.2062561511, 3.1818182468, 3.3137829303, 3.2844574451, 3.2991201877, 3.3088953495)
00:02:04.888 -> (3.2111437320, 3.1867058277, 3.3088953495, 3.2795698642, 3.3040077686, 3.3137829303)
00:02:05.338 -> (3.2160313129, 3.1867058277, 3.3137829303, 3.2893450260, 3.3137829303, 3.3137829303)
00:02:05.789 -> (3.2258064746, 3.2306940555, 3.3284456729, 3.2942326068, 3.3333332538, 3.3235580921)
00:02:06.239 -> (3.2062561511, 3.2111437320, 3.3088953495, 3.2942326068, 3.3333332538, 3.3137829303)
00:02:06.691 -> (3.2209188938, 3.1964809894, 3.3235580921, 3.2893450260, 3.3137829303, 3.3235580921)
00:02:07.141 -> (3.2160313129, 3.1720430850, 3.3235580921, 3.2893450260, 3.3040077686, 3.3186705112)
00:02:07.592 -> (3.2209188938, 3.1622679233, 3.3137829303, 3.2844574451, 3.2991201877, 3.3186705112)
00:02:08.043 -> (3.2160313129, 3.1671555042, 3.3137829303, 3.2893450260, 3.2942326068, 3.3186705112)
00:02:08.493 -> (3.2160313129, 3.1378300189, 3.3137829303, 3.2795698642, 3.2746822834, 3.3186705112)
00:02:08.944 -> (3.2111437320, 3.1427175998, 3.3137829303, 3.2893450260, 3.2746822834, 3.3088953495)
00:02:09.394 -> (3.2209188938, 3.1573803424, 3.2991201877, 3.2795698642, 3.2893450260, 3.3040077686)
00:02:09.845 -> (3.2062561511, 3.1818182468, 3.3137829303, 3.2795698642, 3.2991201877, 3.3088953495)
00:02:10.295 -> (3.2111437320, 3.1818182468, 3.3137829303, 3.2844574451, 3.2991201877, 3.3088953495)
00:02:10.747 -> (3.2111437320, 3.1915934085, 3.3137829303, 3.2795698642, 3.3088953495, 3.3186705112)
00:02:11.197 -> (3.2111437320, 3.2160313129, 3.3235580921, 3.2893450260, 3.3333332538, 3.3186705112)
00:02:11.648 -> (3.2160313129, 3.2160313129, 3.3186705112, 3.2942326068, 3.3284456729, 3.3186705112)
00:02:12.099 -> (3.2160313129, 3.2013685703, 3.3040077686, 3.2844574451, 3.3186705112, 3.3186705112)
00:02:12.549 -> (3.2355816364, 3.1818182468, 3.3235580921, 3.2893450260, 3.3040077686, 3.3186705112)
00:02:13.000 -> (3.2160313129, 3.1622679233, 3.3186705112, 3.2893450260, 3.3040077686, 3.3186705112)
00:02:13.450 -> (3.2258064746, 3.1622679233, 3.3235580921, 3.2893450260, 3.2942326068, 3.3186705112)
00:02:13.901 -> (3.2160313129, 3.1573803424, 3.3186705112, 3.2844574451, 3.2942326068, 3.3137829303)
00:02:14.351 -> (3.2209188938, 3.1378300189, 3.3088953495, 3.2893450260, 3.2746822834, 3.3186705112)
00:02:14.802 -> (3.2160313129, 3.1427175998, 3.3088953495, 3.2795698642, 3.2746822834, 3.3040077686)
00:02:15.254 -> (3.2209188938, 3.1524927616, 3.3284456729, 3.2795698642, 3.2844574451, 3.3040077686)
00:02:15.704 -> (3.2111437320, 3.1769306659, 3.3088953495, 3.2844574451, 3.2942326068, 3.3088953495)
00:02:16.155 -> (3.2062561511, 3.1818182468, 3.3137829303, 3.2844574451, 3.2991201877, 3.3088953495)
00:02:16.605 -> (3.2209188938, 3.1915934085, 3.3137829303, 3.2844574451, 3.3040077686, 3.3186705112)
00:02:17.056 -> (3.2209188938, 3.2160313129, 3.3186705112, 3.2844574451, 3.3235580921, 3.3186705112)
00:02:17.506 -> (3.2209188938, 3.2160313129, 3.3235580921, 3.2942326068, 3.3333332538, 3.3186705112)
00:02:17.957 -> (3.2404692173, 3.2062561511, 3.3186705112, 3.2844574451, 3.3235580921, 3.3186705112)
00:02:18.408 -> (3.2306940555, 3.1867058277, 3.3235580921, 3.2844574451, 3.3186705112, 3.3186705112)
00:02:18.859 -> (3.2258064746, 3.1720430850, 3.3186705112, 3.2893450260, 3.3040077686, 3.3186705112)
00:02:19.310 -> (3.2160313129, 3.1573803424, 3.3186705112, 3.2893450260, 3.2991201877, 3.3186705112)
00:02:19.760 -> (3.2258064746, 3.1573803424, 3.3137829303, 3.2893450260, 3.2942326068, 3.3186705112)
00:02:20.211 -> (3.2062561511, 3.1329424381, 3.3088953495, 3.2844574451, 3.2795698642, 3.3088953495)
00:02:20.661 -> (3.2160313129, 3.1476051807, 3.2991201877, 3.2942326068, 3.2795698642, 3.3040077686)
00:02:21.112 -> (3.2160313129, 3.1622679233, 3.2893450260, 3.2795698642, 3.2893450260, 3.3040077686)
00:02:21.562 -> (3.2160313129, 3.1818182468, 3.3088953495, 3.2844574451, 3.3040077686, 3.3088953495)
00:02:22.013 -> (3.2111437320, 3.1915934085, 3.3088953495, 3.2844574451, 3.3088953495, 3.3137829303)
00:02:22.464 -> (3.2160313129, 3.2013685703, 3.3137829303, 3.2844574451, 3.3137829303, 3.3137829303)
00:02:22.915 -> (3.2111437320, 3.2306940555, 3.3186705112, 3.2942326068, 3.3333332538, 3.3137829303)
00:02:23.366 -> (3.2306940555, 3.2355816364, 3.3137829303, 3.2942326068, 3.3431084156, 3.3284456729)
00:02:23.816 -> (3.2258064746, 3.1915934085, 3.3137829303, 3.2942326068, 3.3235580921, 3.3235580921)
00:02:24.267 -> (3.2258064746, 3.1818182468, 3.3137829303, 3.2942326068, 3.3137829303, 3.3235580921)
00:02:24.717 -> (3.2209188938, 3.1720430850, 3.3137829303, 3.2942326068, 3.2991201877, 3.3235580921)
00:02:25.168 -> (3.2258064746, 3.1622679233, 3.3137829303, 3.2942326068, 3.2942326068, 3.3186705112)
00:02:25.618 -> (3.2209188938, 3.1671555042, 3.3235580921, 3.2893450260, 3.2942326068, 3.3137829303)
00:02:26.069 -> (3.2160313129, 3.1378300189, 3.3088953495, 3.2893450260, 3.2795698642, 3.3137829303)
00:02:26.520 -> (3.2209188938, 3.1378300189, 3.2942326068, 3.2746822834, 3.2746822834, 3.3040077686)
00:02:26.971 -> (3.1964809894, 3.1720430850, 3.2991201877, 3.2746822834, 3.2893450260, 3.3137829303)
00:02:27.422 -> (3.2209188938, 3.1769306659, 3.3137829303, 3.2795698642, 3.2991201877, 3.3137829303)
00:02:27.872 -> (3.2111437320, 3.1818182468, 3.3137829303, 3.2844574451, 3.3040077686, 3.3137829303)
00:02:28.323 -> (3.2209188938, 3.1867058277, 3.3137829303, 3.2844574451, 3.3088953495, 3.3186705112)
00:02:28.773 -> (3.2111437320, 3.2013685703, 3.3235580921, 3.2893450260, 3.3284456729, 3.3137829303)
00:02:29.224 -> (3.2355816364, 3.2209188938, 3.3333332538, 3.2942326068, 3.3333332538, 3.3235580921)
00:02:29.675 -> (3.2209188938, 3.2013685703, 3.3186705112, 3.2991201877, 3.3235580921, 3.3186705112)
00:02:30.125 -> (3.2306940555, 3.1867058277, 3.3333332538, 3.2942326068, 3.3137829303, 3.3235580921)
00:02:30.577 -> (3.2209188938, 3.1671555042, 3.3186705112, 3.2942326068, 3.3040077686, 3.3186705112)
00:02:31.027 -> (3.2258064746, 3.1720430850, 3.3186705112, 3.2942326068, 3.2991201877, 3.3284456729)
00:02:31.478 -> (3.2258064746, 3.1622679233, 3.3186705112, 3.2893450260, 3.2942326068, 3.3235580921)
00:02:31.928 -> (3.2160313129, 3.1524927616, 3.3137829303, 3.2893450260, 3.2893450260, 3.3186705112)
00:02:32.379 -> (3.2160313129, 3.1427175998, 3.3088953495, 3.2844574451, 3.2746822834, 3.3088953495)
00:02:32.829 -> (3.2160313129, 3.1427175998, 3.2942326068, 3.2844574451, 3.2746822834, 3.3186705112)
00:02:33.280 -> (3.2209188938, 3.1671555042, 3.3137829303, 3.2795698642, 3.2844574451, 3.3088953495)
00:02:33.731 -> (3.2062561511, 3.1818182468, 3.3088953495, 3.2844574451, 3.2991201877, 3.3088953495)
00:02:34.181 -> (3.2160313129, 3.1818182468, 3.3088953495, 3.2844574451, 3.2991201877, 3.3088953495)
00:02:34.633 -> (3.2160313129, 3.1867058277, 3.3088953495, 3.2844574451, 3.3088953495, 3.3137829303)
00:02:35.083 -> (3.2209188938, 3.1964809894, 3.3088953495, 3.2893450260, 3.3186705112, 3.3186705112)
00:02:35.534 -> (3.2111437320, 3.2306940555, 3.3137829303, 3.2893450260, 3.3333332538, 3.3186705112)
00:02:35.984 -> (3.2306940555, 3.2160313129, 3.3284456729, 3.2942326068, 3.3333332538, 3.3137829303)
00:02:36.435 -> (3.2258064746, 3.2062561511, 3.3137829303, 3.3040077686, 3.3137829303, 3.3235580921)
00:02:36.886 -> (3.2160313129, 3.1769306659, 3.3088953495, 3.2942326068, 3.3137829303, 3.3284456729)
00:02:37.336 -> (3.2258064746, 3.1818182468, 3.3186705112, 3.2893450260, 3.3040077686, 3.3186705112)
00:02:37.787 -> (3.2209188938, 3.1720430850, 3.3186705112, 3.2893450260, 3.2991201877, 3.3186705112)
00:02:38.237 -> (3.2209188938, 3.1622679233, 3.3137829303, 3.2942326068, 3.2991201877, 3.3235580921)
00:02:38.689 -> (3.2209188938, 3.1671555042, 3.3088953495, 3.2893450260, 3.2942326068, 3.3186705112)
00:02:39.139 -> (3.2209188938, 3.1378300189, 3.3088953495, 3.2844574451, 3.2746822834, 3.3088953495)
00:02:39.590 -> (3.2111437320, 3.1476051807, 3.2991201877, 3.2746822834, 3.2893450260, 3.3137829303)
00:02:40.040 -> (3.2013685703, 3.1573803424, 3.2746822834, 3.2893450260, 3.2795698642, 3.3088953495)
00:02:40.491 -> (3.2160313129, 3.1769306659, 3.3040077686, 3.2795698642, 3.2942326068, 3.3137829303)
00:02:40.942 -> (3.2111437320, 3.1867058277, 3.3088953495, 3.2844574451, 3.2942326068, 3.3088953495)
00:02:41.392 -> (3.2160313129, 3.1867058277, 3.3040077686, 3.2795698642, 3.3040077686, 3.3186705112)
00:02:41.843 -> (3.2209188938, 3.1964809894, 3.3088953495, 3.2893450260, 3.3137829303, 3.3137829303)
00:02:42.293 -> (3.2160313129, 3.2013685703, 3.3186705112, 3.2893450260, 3.3284456729, 3.3235580921)
00:02:42.745 -> (3.2209188938, 3.2258064746, 3.3284456729, 3.3040077686, 3.3382208347, 3.3235580921)
00:02:43.195 -> (3.2306940555, 3.2258064746, 3.3186705112, 3.2893450260, 3.3382208347, 3.3235580921)
00:02:43.646 -> (3.2209188938, 3.2013685703, 3.3333332538, 3.2991201877, 3.3235580921, 3.3284456729)
00:02:44.097 -> (3.2306940555, 3.1867058277, 3.3137829303, 3.2942326068, 3.3137829303, 3.3235580921)
00:02:44.547 -> (3.2258064746, 3.1769306659, 3.3137829303, 3.2893450260, 3.3088953495, 3.3186705112)
00:02:44.998 -> (3.2258064746, 3.1671555042, 3.3088953495, 3.2942326068, 3.3040077686, 3.3186705112)
00:02:45.448 -> (3.2258064746, 3.1671555042, 3.3137829303, 3.2893450260, 3.2991201877, 3.3235580921)
00:02:45.899 -> (3.2160313129, 3.1573803424, 3.3088953495, 3.2893450260, 3.2795698642, 3.3186705112)
00:02:46.349 -> (3.2160313129, 3.1476051807, 3.3088953495, 3.2795698642, 3.2795698642, 3.3186705112)
00:02:46.800 -> (3.2111437320, 3.1720430850, 3.2942326068, 3.2795698642, 3.2942326068, 3.3186705112)
00:02:47.251 -> (3.2160313129, 3.1769306659, 3.3040077686, 3.2844574451, 3.2942326068, 3.3088953495)
00:02:47.702 -> (3.2111437320, 3.1964809894, 3.3137829303, 3.2844574451, 3.3040077686, 3.3137829303)
00:02:48.153 -> (3.2160313129, 3.1915934085, 3.3088953495, 3.2795698642, 3.3040077686, 3.3137829303)
00:02:48.603 -> (3.2209188938, 3.1964809894, 3.3137829303, 3.2893450260, 3.3137829303, 3.3186705112)
00:02:49.054 -> (3.2258064746, 3.2258064746, 3.3088953495, 3.2893450260, 3.3382208347, 3.3186705112)
00:02:49.504 -> (3.2355816364, 3.2306940555, 3.3186705112, 3.2991201877, 3.3382208347, 3.3284456729)
00:02:49.955 -> (3.2209188938, 3.2111437320, 3.3333332538, 3.2991201877, 3.3284456729, 3.3137829303)
00:02:50.405 -> (3.2306940555, 3.1867058277, 3.3235580921, 3.2893450260, 3.3186705112, 3.3235580921)
00:02:50.857 -> (3.2209188938, 3.1720430850, 3.3186705112, 3.2942326068, 3.3088953495, 3.3186705112)
00:02:51.308 -> (3.2209188938, 3.1671555042, 3.3137829303, 3.2942326068, 3.2991201877, 3.3235580921)
00:02:51.758 -> (3.2258064746, 3.1671555042, 3.3137829303, 3.2893450260, 3.2942326068, 3.3235580921)
00:02:52.209 -> (3.2209188938, 3.1476051807, 3.3040077686, 3.2893450260, 3.2844574451, 3.3137829303)
00:02:52.659 -> (3.2160313129, 3.1524927616, 3.3040077686, 3.2893450260, 3.2795698642, 3.3137829303)
00:02:53.110 -> (3.2160313129, 3.1573803424, 3.3137829303, 3.2746822834, 3.2893450260, 3.3040077686)
00:02:53.560 -> (3.2160313129, 3.1671555042, 3.3186705112, 3.2746822834, 3.2942326068, 3.3137829303)
00:02:54.011 -> (3.2209188938, 3.1867058277, 3.3088953495, 3.2795698642, 3.3040077686, 3.3137829303)
00:02:54.461 -> (3.2209188938, 3.1915934085, 3.3088953495, 3.2893450260, 3.3040077686, 3.3186705112)
00:02:54.912 -> (3.2160313129, 3.1964809894, 3.3137829303, 3.2844574451, 3.3137829303, 3.3088953495)
00:02:55.364 -> (3.2258064746, 3.2209188938, 3.3088953495, 3.2893450260, 3.3333332538, 3.3235580921)
00:02:55.814 -> (3.2306940555, 3.2209188938, 3.3186705112, 3.2893450260, 3.3382208347, 3.3235580921)
00:02:56.265 -> (3.2111437320, 3.1964809894, 3.3284456729, 3.2942326068, 3.3333332538, 3.3137829303)
00:02:56.715 -> (3.2258064746, 3.1964809894, 3.3137829303, 3.2991201877, 3.3235580921, 3.3235580921)
00:02:57.166 -> (3.2209188938, 3.1720430850, 3.3186705112, 3.2893450260, 3.3088953495, 3.3235580921)
00:02:57.616 -> (3.2258064746, 3.1622679233, 3.3235580921, 3.2991201877, 3.3040077686, 3.3235580921)
00:02:58.067 -> (3.2209188938, 3.1573803424, 3.3137829303, 3.2893450260, 3.2991201877, 3.3235580921)
00:02:58.518 -> (3.2258064746, 3.1622679233, 3.3088953495, 3.2844574451, 3.2844574451, 3.3186705112)
00:02:58.969 -> (3.2209188938, 3.1427175998, 3.3088953495, 3.2844574451, 3.2795698642, 3.3137829303)
00:02:59.420 -> (3.2160313129, 3.1622679233, 3.2942326068, 3.2697947025, 3.2991201877, 3.3235580921)
00:02:59.870 -> (3.2111437320, 3.1720430850, 3.3088953495, 3.2795698642, 3.2942326068, 3.3186705112)
00:03:00.321 -> (3.2258064746, 3.1818182468, 3.3088953495, 3.2795698642, 3.3040077686, 3.3137829303)
00:03:00.771 -> (3.2209188938, 3.1915934085, 3.3088953495, 3.2795698642, 3.3088953495, 3.3137829303)
00:03:01.222 -> (3.2209188938, 3.1964809894, 3.3137829303, 3.2893450260, 3.3235580921, 3.3186705112)
00:03:01.672 -> (3.2160313129, 3.2355816364, 3.3235580921, 3.2844574451, 3.3431084156, 3.3235580921)
00:03:02.123 -> (3.2258064746, 3.2209188938, 3.3186705112, 3.2942326068, 3.3382208347, 3.3235580921)
00:03:02.574 -> (3.2209188938, 3.2062561511, 3.3382208347, 3.2893450260, 3.3235580921, 3.3186705112)
00:03:03.025 -> (3.2258064746, 3.1818182468, 3.3088953495, 3.2942326068, 3.3088953495, 3.3235580921)
00:03:03.476 -> (3.2258064746, 3.1671555042, 3.3186705112, 3.2942326068, 3.3040077686, 3.3235580921)
00:03:03.926 -> (3.2306940555, 3.1671555042, 3.3186705112, 3.2844574451, 3.2942326068, 3.3235580921)
00:03:04.377 -> (3.2209188938, 3.1671555042, 3.3137829303, 3.2893450260, 3.2893450260, 3.3235580921)
00:03:04.827 -> (3.2209188938, 3.1427175998, 3.3088953495, 3.2795698642, 3.2795698642, 3.3137829303)
00:03:05.278 -> (3.2209188938, 3.1476051807, 3.2844574451, 3.2649071216, 3.2844574451, 3.3040077686)
00:03:05.729 -> (3.2160313129, 3.1720430850, 3.3088953495, 3.2844574451, 3.2942326068, 3.3040077686)
00:03:06.179 -> (3.2209188938, 3.1867058277, 3.3088953495, 3.2795698642, 3.2991201877, 3.3137829303)
00:03:06.630 -> (3.2209188938, 3.1915934085, 3.3088953495, 3.2893450260, 3.3040077686, 3.3137829303)
00:03:07.080 -> (3.2209188938, 3.1915934085, 3.3137829303, 3.2746822834, 3.3137829303, 3.3137829303)
00:03:07.532 -> (3.2209188938, 3.2258064746, 3.3235580921, 3.2893450260, 3.3382208347, 3.3186705112)
00:03:07.982 -> (3.2355816364, 3.2209188938, 3.3186705112, 3.2942326068, 3.3382208347, 3.3284456729)
00:03:08.433 -> (3.2355816364, 3.1964809894, 3.3284456729, 3.2942326068, 3.3333332538, 3.3186705112)
00:03:08.883 -> (3.2355816364, 3.1867058277, 3.3088953495, 3.2942326068, 3.3088953495, 3.3186705112)
00:03:09.334 -> (3.2258064746, 3.1769306659, 3.3186705112, 3.2844574451, 3.3040077686, 3.3284456729)
00:03:09.785 -> (3.2355816364, 3.1720430850, 3.3137829303, 3.2893450260, 3.2942326068, 3.3235580921)
00:03:10.235 -> (3.2258064746, 3.1769306659, 3.3137829303, 3.2893450260, 3.2942326068, 3.3186705112)
00:03:10.686 -> (3.2258064746, 3.1427175998, 3.3088953495, 3.2795698642, 3.2746822834, 3.3186705112)
00:03:11.136 -> (3.2160313129, 3.1573803424, 3.3088953495, 3.2746822834, 3.2795698642, 3.3137829303)
00:03:11.588 -> (3.2160313129, 3.1720430850, 3.3235580921, 3.2697947025, 3.2893450260, 3.3088953495)
00:03:12.038 -> (3.2209188938, 3.1915934085, 3.3088953495, 3.2844574451, 3.2942326068, 3.3088953495)
00:03:12.489 -> (3.2209188938, 3.1964809894, 3.3040077686, 3.2844574451, 3.2942326068, 3.3137829303)
00:03:12.940 -> (3.2209188938, 3.2013685703, 3.3088953495, 3.2844574451, 3.3040077686, 3.3137829303)
00:03:13.390 -> (3.2258064746, 3.2062561511, 3.3186705112, 3.2844574451, 3.3137829303, 3.3186705112)
00:03:13.841 -> (3.2306940555, 3.2306940555, 3.3382208347, 3.2893450260, 3.3333332538, 3.3186705112)
00:03:14.291 -> (3.2404692173, 3.2111437320, 3.3186705112, 3.2942326068, 3.3382208347, 3.3235580921)
00:03:14.742 -> (3.2160313129, 3.2062561511, 3.3382208347, 3.2893450260, 3.3333332538, 3.3235580921)
00:03:15.193 -> (3.2355816364, 3.1915934085, 3.3235580921, 3.2893450260, 3.3186705112, 3.3235580921)
00:03:15.644 -> (3.2258064746, 3.1769306659, 3.3137829303, 3.2893450260, 3.3088953495, 3.3284456729)
00:03:16.094 -> (3.2306940555, 3.1720430850, 3.3137829303, 3.2844574451, 3.3040077686, 3.3235580921)
00:03:16.545 -> (3.2306940555, 3.1573803424, 3.3088953495, 3.2844574451, 3.2942326068, 3.3284456729)
00:03:16.996 -> (3.2258064746, 3.1671555042, 3.3186705112, 3.2844574451, 3.2942326068, 3.3186705112)
00:03:17.446 -> (3.2209188938, 3.1378300189, 3.3040077686, 3.2844574451, 3.2844574451, 3.3186705112)
00:03:17.897 -> (3.2258064746, 3.1524927616, 3.3088953495, 3.2795698642, 3.2795698642, 3.3040077686)
00:03:18.347 -> (3.2404692173, 3.1524927616, 3.3284456729, 3.2795698642, 3.2893450260, 3.3088953495)
00:03:18.798 -> (3.2160313129, 3.1671555042, 3.3040077686, 3.2746822834, 3.2991201877, 3.3137829303)
00:03:19.249 -> (3.2160313129, 3.1720430850, 3.3088953495, 3.2795698642, 3.2991201877, 3.3137829303)
00:03:19.700 -> (3.2160313129, 3.1818182468, 3.3088953495, 3.2795698642, 3.2991201877, 3.3137829303)
00:03:20.151 -> (3.2209188938, 3.1867058277, 3.3186705112, 3.2844574451, 3.3088953495, 3.3137829303)
00:03:20.601 -> (3.2209188938, 3.2111437320, 3.3137829303, 3.2844574451, 3.3284456729, 3.3186705112)
00:03:21.052 -> (3.2306940555, 3.2306940555, 3.3235580921, 3.2991201877, 3.3333332538, 3.3235580921)
00:03:21.502 -> (3.2355816364, 3.2404692173, 3.3137829303, 3.2844574451, 3.3333332538, 3.3235580921)
00:03:21.953 -> (3.2111437320, 3.1964809894, 3.3284456729, 3.2893450260, 3.3235580921, 3.3235580921)
00:03:22.403 -> (3.2306940555, 3.1964809894, 3.3186705112, 3.2893450260, 3.3137829303, 3.3284456729)
00:03:22.854 -> (3.2258064746, 3.1720430850, 3.3088953495, 3.2893450260, 3.3088953495, 3.3235580921)
00:03:23.305 -> (3.2306940555, 3.1622679233, 3.3186705112, 3.2893450260, 3.3040077686, 3.3186705112)
00:03:23.756 -> (3.2258064746, 3.1573803424, 3.3186705112, 3.2893450260, 3.2991201877, 3.3137829303)
00:03:24.207 -> (3.2209188938, 3.1622679233, 3.3186705112, 3.2844574451, 3.2893450260, 3.3186705112)
00:03:24.657 -> (3.2209188938, 3.1280546188, 3.3088953495, 3.2746822834, 3.2844574451, 3.3137829303)
00:03:25.108 -> (3.2111437320, 3.1329424381, 3.2991201877, 3.2795698642, 3.2795698642, 3.3040077686)
00:03:25.558 -> (3.2306940555, 3.1476051807, 3.3431084156, 3.2746822834, 3.2844574451, 3.3137829303)
00:03:26.009 -> (3.2209188938, 3.1622679233, 3.3088953495, 3.2746822834, 3.2942326068, 3.3137829303)
00:03:26.459 -> (3.2209188938, 3.1720430850, 3.3088953495, 3.2746822834, 3.2991201877, 3.3186705112)
00:03:26.910 -> (3.2209188938, 3.1769306659, 3.3137829303, 3.2844574451, 3.3040077686, 3.3137829303)
00:03:27.362 -> (3.2209188938, 3.1915934085, 3.3137829303, 3.2795698642, 3.3088953495, 3.3137829303)
00:03:27.812 -> (3.2258064746, 3.2013685703, 3.3137829303, 3.2844574451, 3.3284456729, 3.3235580921)
00:03:28.263 -> (3.2306940555, 3.2160313129, 3.3186705112, 3.2844574451, 3.3431084156, 3.3235580921)
00:03:28.713 -> (3.2355816364, 3.2111437320, 3.3333332538, 3.2991201877, 3.3333332538, 3.3235580921)
00:03:29.164 -> (3.2258064746, 3.1769306659, 3.3088953495, 3.2942326068, 3.3235580921, 3.3137829303)
00:03:29.614 -> (3.2355816364, 3.1769306659, 3.3235580921, 3.2893450260, 3.3088953495, 3.3235580921)
00:03:30.065 -> (3.2306940555, 3.1622679233, 3.3235580921, 3.2942326068, 3.3040077686, 3.3235580921)
00:03:30.515 -> (3.2306940555, 3.1573803424, 3.3186705112, 3.2844574451, 3.2991201877, 3.3235580921)
00:03:30.967 -> (3.2306940555, 3.1573803424, 3.3137829303, 3.2844574451, 3.2942326068, 3.3235580921)
00:03:31.418 -> (3.2258064746, 3.1427175998, 3.3137829303, 3.2844574451, 3.2795698642, 3.3186705112)
00:03:31.868 -> (3.2209188938, 3.1427175998, 3.2991201877, 3.2844574451, 3.2844574451, 3.3186705112)
00:03:32.319 -> (3.2209188938, 3.1378300189, 3.3137829303, 3.2697947025, 3.2893450260, 3.3186705112)
00:03:32.769 -> (3.2209188938, 3.1622679233, 3.3088953495, 3.2795698642, 3.2942326068, 3.3137829303)
00:03:33.220 -> (3.2160313129, 3.1818182468, 3.3137829303, 3.2746822834, 3.2991201877, 3.3186705112)
00:03:33.670 -> (3.2258064746, 3.1818182468, 3.3088953495, 3.2795698642, 3.3088953495, 3.3137829303)
00:03:34.121 -> (3.2160313129, 3.1915934085, 3.3137829303, 3.2795698642, 3.3088953495, 3.3137829303)
00:03:34.572 -> (3.2258064746, 3.2160313129, 3.3333332538, 3.2893450260, 3.3333332538, 3.3235580921)
00:03:35.023 -> (3.2306940555, 3.2258064746, 3.3186705112, 3.2942326068, 3.3382208347, 3.3186705112)
00:03:35.474 -> (3.2355816364, 3.2160313129, 3.3284456729, 3.2844574451, 3.3284456729, 3.3333332538)
00:03:35.924 -> (3.2502443790, 3.1818182468, 3.2942326068, 3.2991201877, 3.3186705112, 3.3235580921)
00:03:36.375 -> (3.2355816364, 3.1818182468, 3.3186705112, 3.2844574451, 3.3137829303, 3.3284456729)
00:03:36.825 -> (3.2355816364, 3.1720430850, 3.3186705112, 3.2942326068, 3.3040077686, 3.3284456729)
00:03:37.276 -> (3.2355816364, 3.1622679233, 3.3186705112, 3.2893450260, 3.2991201877, 3.3284456729)
00:03:37.726 -> (3.2306940555, 3.1622679233, 3.3186705112, 3.2942326068, 3.2991201877, 3.3235580921)
00:03:38.178 -> (3.2306940555, 3.1622679233, 3.3186705112, 3.2844574451, 3.2844574451, 3.3186705112)
00:03:38.629 -> (3.2258064746, 3.1329424381, 3.3088953495, 3.2844574451, 3.2795698642, 3.3137829303)
00:03:39.079 -> (3.2111437320, 3.1476051807, 3.2942326068, 3.2697947025, 3.2795698642, 3.3186705112)
00:03:39.530 -> (3.2111437320, 3.1720430850, 3.3088953495, 3.2844574451, 3.2942326068, 3.3088953495)
00:03:39.980 -> (3.2209188938, 3.1769306659, 3.3088953495, 3.2795698642, 3.2942326068, 3.3137829303)
00:03:40.431 -> (3.2209188938, 3.1867058277, 3.3088953495, 3.2746822834, 3.3040077686, 3.3186705112)
00:03:40.881 -> (3.2258064746, 3.1915934085, 3.3040077686, 3.2746822834, 3.3040077686, 3.3137829303)
00:03:41.332 -> (3.2209188938, 3.1915934085, 3.3137829303, 3.2795698642, 3.3137829303, 3.3186705112)
00:03:41.783 -> (3.2258064746, 3.2306940555, 3.3088953495, 3.2893450260, 3.3382208347, 3.3235580921)
00:03:42.233 -> (3.2355816364, 3.2258064746, 3.3235580921, 3.2942326068, 3.3382208347, 3.3235580921)
00:03:42.685 -> (3.2502443790, 3.2355816364, 3.3382208347, 3.2942326068, 3.3382208347, 3.3235580921)
00:03:43.135 -> (3.2258064746, 3.1964809894, 3.3235580921, 3.2942326068, 3.3186705112, 3.3333332538)
00:03:43.586 -> (3.2306940555, 3.1769306659, 3.3186705112, 3.2893450260, 3.3137829303, 3.3284456729)
00:03:44.036 -> (3.2209188938, 3.1769306659, 3.3235580921, 3.2942326068, 3.2991201877, 3.3235580921)
00:03:44.487 -> (3.2258064746, 3.1671555042, 3.3186705112, 3.2893450260, 3.2991201877, 3.3235580921)
00:03:44.937 -> (3.2258064746, 3.1720430850, 3.3186705112, 3.2795698642, 3.2942326068, 3.3235580921)
00:03:45.388 -> (3.2258064746, 3.1378300189, 3.3040077686, 3.2746822834, 3.2746822834, 3.3186705112)
00:03:45.839 -> (3.2258064746, 3.1476051807, 3.3040077686, 3.2795698642, 3.2795698642, 3.3235580921)
00:03:46.290 -> (3.2258064746, 3.1622679233, 3.2893450260, 3.2697947025, 3.2942326068, 3.3088953495)
00:03:46.741 -> (3.2209188938, 3.1769306659, 3.3088953495, 3.2795698642, 3.2942326068, 3.3186705112)
00:03:47.191 -> (3.2111437320, 3.1720430850, 3.3088953495, 3.2746822834, 3.2991201877, 3.3137829303)
00:03:47.642 -> (3.2258064746, 3.1964809894, 3.3137829303, 3.2893450260, 3.3088953495, 3.3137829303)
00:03:48.092 -> (3.2209188938, 3.1964809894, 3.3137829303, 3.2844574451, 3.3088953495, 3.3235580921)
00:03:48.543 -> (3.2355816364, 3.2306940555, 3.3235580921, 3.2942326068, 3.3382208347, 3.3284456729)
00:03:48.994 -> (3.2258064746, 3.2160313129, 3.3235580921, 3.2942326068, 3.3333332538, 3.3284456729)
00:03:49.444 -> (3.2355816364, 3.2062561511, 3.3088953495, 3.2844574451, 3.3235580921, 3.3284456729)
00:03:49.896 -> (3.2209188938, 3.1867058277, 3.3088953495, 3.2844574451, 3.3137829303, 3.3284456729)
00:03:50.346 -> (3.2355816364, 3.1769306659, 3.3186705112, 3.2893450260, 3.3040077686, 3.3235580921)
00:03:50.797 -> (3.2258064746, 3.1671555042, 3.3186705112, 3.2893450260, 3.2991201877, 3.3235580921)
00:03:51.247 -> (3.2306940555, 3.1622679233, 3.3088953495, 3.2844574451, 3.2942326068, 3.3284456729)
00:03:51.698 -> (3.2258064746, 3.1476051807, 3.3088953495, 3.2795698642, 3.2746822834, 3.3235580921)
00:03:52.148 -> (3.2209188938, 3.1524927616, 3.3137829303, 3.2795698642, 3.2746822834, 3.3186705112)
00:03:52.599 -> (3.2111437320, 3.1671555042, 3.2942326068, 3.2844574451, 3.2746822834, 3.3088953495)
00:03:53.050 -> (3.2209188938, 3.1622679233, 3.3088953495, 3.2795698642, 3.2893450260, 3.3137829303)
00:03:53.500 -> (3.2160313129, 3.1671555042, 3.3088953495, 3.2844574451, 3.2991201877, 3.3186705112)
00:03:53.952 -> (3.2258064746, 3.1769306659, 3.3088953495, 3.2795698642, 3.3040077686, 3.3186705112)
00:03:54.402 -> (3.2209188938, 3.1867058277, 3.3137829303, 3.2844574451, 3.3235580921, 3.3235580921)
00:03:54.853 -> (3.2306940555, 3.2160313129, 3.3333332538, 3.2893450260, 3.3333332538, 3.3235580921)
00:03:55.303 -> (3.2355816364, 3.2062561511, 3.3137829303, 3.2942326068, 3.3284456729, 3.3186705112)
00:03:55.754 -> (3.2551319599, 3.1818182468, 3.3040077686, 3.2893450260, 3.3040077686, 3.3284456729)
00:03:56.205 -> (3.2306940555, 3.1671555042, 3.3186705112, 3.2844574451, 3.3040077686, 3.3235580921)
00:03:56.655 -> (3.2258064746, 3.1622679233, 3.3186705112, 3.2893450260, 3.2991201877, 3.3284456729)
00:03:57.106 -> (3.2404692173, 3.1573803424, 3.3186705112, 3.2844574451, 3.2942326068, 3.3235580921)
00:03:57.557 -> (3.2209188938, 3.1573803424, 3.3137829303, 3.2795698642, 3.2746822834, 3.3235580921)
00:03:58.008 -> (3.2258064746, 3.1329424381, 3.3088953495, 3.2844574451, 3.2746822834, 3.3137829303)
00:03:58.458 -> (3.2258064746, 3.1329424381, 3.2991201877, 3.2697947025, 3.2844574451, 3.3186705112)
00:03:58.909 -> (3.2209188938, 3.1573803424, 3.3040077686, 3.2844574451, 3.2893450260, 3.3137829303)
00:03:59.360 -> (3.2258064746, 3.1769306659, 3.3088953495, 3.2844574451, 3.2942326068, 3.3186705112)
00:03:59.810 -> (3.2209188938, 3.1818182468, 3.3088953495, 3.2795698642, 3.3040077686, 3.3186705112)
00:04:00.261 -> (3.2306940555, 3.1915934085, 3.3137829303, 3.2844574451, 3.3088953495, 3.3235580921)
00:04:00.711 -> (3.2209188938, 3.2258064746, 3.3235580921, 3.2942326068, 3.3333332538, 3.3333332538)
00:04:01.162 -> (3.2355816364, 3.2160313129, 3.3333332538, 3.2893450260, 3.3333332538, 3.3333332538)
00:04:01.613 -> (3.2404692173, 3.1964809894, 3.3333332538, 3.2795698642, 3.3284456729, 3.3284456729)
00:04:02.064 -> (3.2355816364, 3.1818182468, 3.3235580921, 3.2893450260, 3.3137829303, 3.3235580921)
00:04:02.514 -> (3.2306940555, 3.1720430850, 3.3235580921, 3.2893450260, 3.2991201877, 3.3235580921)
00:04:02.965 -> (3.2306940555, 3.1622679233, 3.3186705112, 3.2942326068, 3.2893450260, 3.3235580921)
00:04:03.416 -> (3.2258064746, 3.1622679233, 3.3137829303, 3.2893450260, 3.2893450260, 3.3235580921)
00:04:03.866 -> (3.2258064746, 3.1378300189, 3.3088953495, 3.2795698642, 3.2795698642, 3.3137829303)
00:04:04.317 -> (3.2258064746, 3.1476051807, 3.2991201877, 3.2991201877, 3.2844574451, 3.3088953495)
00:04:04.767 -> (3.2404692173, 3.1671555042, 3.3235580921, 3.2844574451, 3.2844574451, 3.3137829303)
00:04:05.218 -> (3.2209188938, 3.1769306659, 3.3088953495, 3.2844574451, 3.2942326068, 3.3137829303)
00:04:05.669 -> (3.2258064746, 3.1867058277, 3.3088953495, 3.2844574451, 3.3040077686, 3.3137829303)
00:04:06.120 -> (3.2258064746, 3.1915934085, 3.3137829303, 3.2893450260, 3.3088953495, 3.3186705112)
00:04:06.571 -> (3.2355816364, 3.2013685703, 3.3137829303, 3.2893450260, 3.3186705112, 3.3235580921)
00:04:07.021 -> (3.2306940555, 3.2306940555, 3.3235580921, 3.2942326068, 3.3382208347, 3.3235580921)
00:04:07.472 -> (3.2404692173, 3.2306940555, 3.3284456729, 3.2893450260, 3.3382208347, 3.3382208347)
00:04:07.922 -> (3.2404692173, 3.1818182468, 3.2991201877, 3.2844574451, 3.3186705112, 3.3382208347)
00:04:08.373 -> (3.2355816364, 3.1818182468, 3.3186705112, 3.2844574451, 3.3088953495, 3.3284456729)
00:04:08.823 -> (3.2306940555, 3.1671555042, 3.3186705112, 3.2893450260, 3.3088953495, 3.3284456729)
00:04:09.274 -> (3.2355816364, 3.1573803424, 3.3186705112, 3.2893450260, 3.2942326068, 3.3284456729)
00:04:09.724 -> (3.2306940555, 3.1622679233, 3.3186705112, 3.2893450260, 3.2942326068, 3.3235580921)
00:04:10.176 -> (3.2258064746, 3.1427175998, 3.3040077686, 3.2893450260, 3.2746822834, 3.3186705112)
00:04:10.627 -> (3.2306940555, 3.1524927616, 3.3040077686, 3.2844574451, 3.2746822834, 3.3235580921)
00:04:11.077 -> (3.2062561511, 3.1720430850, 3.3333332538, 3.2746822834, 3.2697947025, 3.3137829303)
00:04:11.528 -> (3.2258064746, 3.1818182468, 3.3040077686, 3.2795698642, 3.2893450260, 3.3186705112)
00:04:11.978 -> (3.2258064746, 3.1867058277, 3.3137829303, 3.2844574451, 3.2942326068, 3.3137829303)
00:04:12.429 -> (3.2258064746, 3.1964809894, 3.3088953495, 3.2844574451, 3.3040077686, 3.3186705112)
00:04:12.879 -> (3.2306940555, 3.1915934085, 3.3186705112, 3.2893450260, 3.3088953495, 3.3186705112)
00:04:13.330 -> (3.2258064746, 3.2258064746, 3.3235580921, 3.2942326068, 3.3333332538, 3.3284456729)
00:04:13.780 -> (3.2355816364, 3.2209188938, 3.3284456729, 3.2893450260, 3.3333332538, 3.3284456729)
00:04:14.232 -> (3.2306940555, 3.2062561511, 3.3431084156, 3.3040077686, 3.3382208347, 3.3333332538)
00:04:14.683 -> (3.2306940555, 3.1867058277, 3.3333332538, 3.2942326068, 3.3137829303, 3.3235580921)
00:04:15.133 -> (3.2355816364, 3.1769306659, 3.3186705112, 3.2893450260, 3.3088953495, 3.3284456729)
00:04:15.584 -> (3.2306940555, 3.1622679233, 3.3186705112, 3.2893450260, 3.3040077686, 3.3284456729)
00:04:16.034 -> (3.2355816364, 3.1671555042, 3.3186705112, 3.2942326068, 3.2942326068, 3.3284456729)
00:04:16.485 -> (3.2306940555, 3.1671555042, 3.3186705112, 3.2893450260, 3.2893450260, 3.3186705112)
00:04:16.935 -> (3.2258064746, 3.1524927616, 3.3186705112, 3.2844574451, 3.2746822834, 3.3186705112)
00:04:17.386 -> (3.2209188938, 3.1524927616, 3.3137829303, 3.2844574451, 3.2795698642, 3.3186705112)
00:04:17.837 -> (3.2111437320, 3.1769306659, 3.3088953495, 3.2746822834, 3.2893450260, 3.3186705112)
00:04:18.288 -> (3.2258064746, 3.1867058277, 3.3088953495, 3.2893450260, 3.2991201877, 3.3137829303)
00:04:18.739 -> (3.2209188938, 3.1769306659, 3.3088953495, 3.2844574451, 3.3040077686, 3.3137829303)
00:04:19.189 -> (3.2258064746, 3.1915934085, 3.3137829303, 3.2795698642, 3.3088953495, 3.3235580921)
00:04:19.640 -> (3.2306940555, 3.2013685703, 3.3137829303, 3.2893450260, 3.3137829303, 3.3235580921)
00:04:20.090 -> (3.2306940555, 3.2404692173, 3.3284456729, 3.2893450260, 3.3333332538, 3.3333332538)
00:04:20.541 -> (3.2355816364, 3.2258064746, 3.3235580921, 3.2942326068, 3.3431084156, 3.3284456729)
00:04:20.992 -> (3.2355816364, 3.2160313129, 3.3333332538, 3.2991201877, 3.3382208347, 3.3382208347)
00:04:21.442 -> (3.2404692173, 3.1915934085, 3.3137829303, 3.2942326068, 3.3186705112, 3.3284456729)
00:04:21.894 -> (3.2306940555, 3.1720430850, 3.3235580921, 3.2991201877, 3.3040077686, 3.3284456729)
00:04:22.344 -> (3.2355816364, 3.1769306659, 3.3186705112, 3.2942326068, 3.3040077686, 3.3284456729)
00:04:22.795 -> (3.2306940555, 3.1720430850, 3.3186705112, 3.2893450260, 3.2942326068, 3.3284456729)
00:04:23.245 -> (3.2355816364, 3.1720430850, 3.3186705112, 3.2893450260, 3.2942326068, 3.3137829303)
00:04:23.696 -> (3.2160313129, 3.1378300189, 3.3040077686, 3.2844574451, 3.2795698642, 3.3137829303)
00:04:24.146 -> (3.2258064746, 3.1427175998, 3.3137829303, 3.2844574451, 3.2746822834, 3.3186705112)
00:04:24.597 -> (3.2404692173, 3.1524927616, 3.2942326068, 3.2893450260, 3.2893450260, 3.3088953495)
00:04:25.048 -> (3.2258064746, 3.1769306659, 3.3088953495, 3.2844574451, 3.2991201877, 3.3186705112)
00:04:25.498 -> (3.2209188938, 3.1818182468, 3.3088953495, 3.2844574451, 3.3040077686, 3.3137829303)
00:04:25.950 -> (3.2258064746, 3.1964809894, 3.3137829303, 3.2893450260, 3.3088953495, 3.3186705112)
00:04:26.400 -> (3.2258064746, 3.2013685703, 3.3137829303, 3.2893450260, 3.3137829303, 3.3186705112)
00:04:26.851 -> (3.2355816364, 3.2111437320, 3.3235580921, 3.2893450260, 3.3333332538, 3.3235580921)
00:04:27.301 -> (3.2355816364, 3.2306940555, 3.3235580921, 3.2942326068, 3.3382208347, 3.3235580921)
00:04:27.752 -> (3.2355816364, 3.2258064746, 3.3333332538, 3.2991201877, 3.3382208347, 3.3186705112)
00:04:28.203 -> (3.2404692173, 3.1867058277, 3.3137829303, 3.2893450260, 3.3284456729, 3.3333332538)
00:04:28.653 -> (3.2404692173, 3.1867058277, 3.3186705112, 3.2942326068, 3.3186705112, 3.3284456729)
00:04:29.104 -> (3.2355816364, 3.1769306659, 3.3137829303, 3.2942326068, 3.3088953495, 3.3284456729)
00:04:29.555 -> (3.2355816364, 3.1769306659, 3.3186705112, 3.2991201877, 3.3040077686, 3.3284456729)
00:04:30.006 -> (3.2258064746, 3.1671555042, 3.3186705112, 3.2942326068, 3.2991201877, 3.3284456729)
00:04:30.456 -> (3.2355816364, 3.1720430850, 3.3137829303, 3.2893450260, 3.2991201877, 3.3284456729)
00:04:30.907 -> (3.2209188938, 3.1378300189, 3.3088953495, 3.2844574451, 3.2795698642, 3.3137829303)
00:04:31.357 -> (3.2306940555, 3.1476051807, 3.3040077686, 3.2844574451, 3.2795698642, 3.3186705112)
00:04:31.808 -> (3.2111437320, 3.1524927616, 3.2942326068, 3.2697947025, 3.2795698642, 3.3088953495)
00:04:32.259 -> (3.2209188938, 3.1720430850, 3.3137829303, 3.2844574451, 3.2942326068, 3.3088953495)
00:04:32.709 -> (3.2258064746, 3.1769306659, 3.3186705112, 3.2844574451, 3.2991201877, 3.3186705112)
00:04:33.160 -> (3.2160313129, 3.1818182468, 3.3088953495, 3.2844574451, 3.3040077686, 3.3137829303)
00:04:33.611 -> (3.2258064746, 3.1867058277, 3.3137829303, 3.2844574451, 3.3088953495, 3.3137829303)
00:04:34.062 -> (3.2258064746, 3.2013685703, 3.3137829303, 3.2893450260, 3.3186705112, 3.3186705112)
00:04:34.512 -> (3.2306940555, 3.2258064746, 3.3235580921, 3.2893450260, 3.3382208347, 3.3235580921)
00:04:34.963 -> (3.2404692173, 3.2355816364, 3.3186705112, 3.2893450260, 3.3431084156, 3.3284456729)
00:04:35.414 -> (3.2306940555, 3.2258064746, 3.3235580921, 3.3040077686, 3.3431084156, 3.3235580921)
00:04:35.864 -> (3.2453567981, 3.1964809894, 3.2991201877, 3.3137829303, 3.3186705112, 3.3235580921)
00:04:36.315 -> (3.2404692173, 3.1964809894, 3.3235580921, 3.2942326068, 3.3186705112, 3.3333332538)
00:04:36.765 -> (3.2355816364, 3.1818182468, 3.3137829303, 3.2942326068, 3.3088953495, 3.3284456729)
00:04:37.216 -> (3.2404692173, 3.1818182468, 3.3137829303, 3.2942326068, 3.3040077686, 3.3235580921)
00:04:37.667 -> (3.2306940555, 3.1720430850, 3.3137829303, 3.2893450260, 3.3040077686, 3.3284456729)
00:04:38.118 -> (3.2355816364, 3.1769306659, 3.3186705112, 3.2942326068, 3.2991201877, 3.3235580921)
00:04:38.568 -> (3.2355816364, 3.1427175998, 3.3088953495, 3.2844574451, 3.2795698642, 3.3235580921)
00:04:39.019 -> (3.2306940555, 3.1524927616, 3.3088953495, 3.2893450260, 3.2844574451, 3.3186705112)
00:04:39.470 -> (3.2404692173, 3.1524927616, 3.3088953495, 3.2795698642, 3.2991201877, 3.3235580921)
00:04:39.920 -> (3.2404692173, 3.1818182468, 3.3040077686, 3.2844574451, 3.2942326068, 3.3088953495)
00:04:40.371 -> (3.2453567981, 3.2062561511, 3.3088953495, 3.2844574451, 3.3040077686, 3.3186705112)
00:04:40.821 -> (3.2404692173, 3.2013685703, 3.3088953495, 3.2844574451, 3.3088953495, 3.3186705112)
00:04:41.273 -> (3.2502443790, 3.2062561511, 3.3137829303, 3.2795698642, 3.3137829303, 3.3186705112)
00:04:41.723 -> (3.2551319599, 3.2160313129, 3.3186705112, 3.2893450260, 3.3235580921, 3.3235580921)
00:04:42.174 -> (3.2649071216, 3.2404692173, 3.3235580921, 3.2991201877, 3.3431084156, 3.3235580921)
00:04:42.625 -> (3.2649071216, 3.2258064746, 3.3235580921, 3.2991201877, 3.3431084156, 3.3382208347)
00:04:43.075 -> (3.2697947025, 3.2209188938, 3.3040077686, 3.2991201877, 3.3284456729, 3.3186705112)
00:04:43.526 -> (3.2600195407, 3.2013685703, 3.3284456729, 3.3040077686, 3.3235580921, 3.3284456729)
00:04:43.976 -> (3.2551319599, 3.1915934085, 3.3186705112, 3.2991201877, 3.3088953495, 3.3284456729)
00:04:44.427 -> (3.2551319599, 3.1818182468, 3.3186705112, 3.2893450260, 3.3088953495, 3.3284456729)
00:04:44.877 -> (3.2600195407, 3.1769306659, 3.3186705112, 3.2893450260, 3.2991201877, 3.3284456729)
00:04:45.329 -> (3.2600195407, 3.1818182468, 3.3186705112, 3.2942326068, 3.2991201877, 3.3284456729)
00:04:45.779 -> (3.2502443790, 3.1573803424, 3.3137829303, 3.2893450260, 3.2844574451, 3.3235580921)
00:04:46.230 -> (3.2551319599, 3.1622679233, 3.3088953495, 3.2844574451, 3.2795698642, 3.3186705112)
00:04:46.681 -> (3.2502443790, 3.1769306659, 3.3284456729, 3.2991201877, 3.2893450260, 3.3235580921)
00:04:47.131 -> (3.2502443790, 3.1818182468, 3.3186705112, 3.2795698642, 3.3040077686, 3.3186705112)
00:04:47.582 -> (3.2502443790, 3.1915934085, 3.3088953495, 3.2844574451, 3.3088953495, 3.3186705112)
00:04:48.032 -> (3.2502443790, 3.1964809894, 3.3137829303, 3.2844574451, 3.3137829303, 3.3186705112)
00:04:48.483 -> (3.2502443790, 3.2013685703, 3.3137829303, 3.2844574451, 3.3186705112, 3.3284456729)
00:04:48.933 -> (3.2551319599, 3.2160313129, 3.3088953495, 3.2893450260, 3.3382208347, 3.3235580921)
00:04:49.385 -> (3.2600195407, 3.2502443790, 3.3088953495, 3.2942326068, 3.3479959964, 3.3333332538)
00:04:49.836 -> (3.2697947025, 3.2306940555, 3.3235580921, 3.2991201877, 3.3479959964, 3.3235580921)
00:04:50.286 -> (3.2649071216, 3.2062561511, 3.3284456729, 3.2893450260, 3.3479959964, 3.3333332538)
00:04:50.737 -> (3.2600195407, 3.2062561511, 3.3284456729, 3.2942326068, 3.3235580921, 3.3284456729)
00:04:51.187 -> (3.2649071216, 3.2013685703, 3.3235580921, 3.2991201877, 3.3137829303, 3.3284456729)
00:04:51.638 -> (3.2600195407, 3.2013685703, 3.3284456729, 3.2942326068, 3.3137829303, 3.3333332538)
00:04:52.088 -> (3.2551319599, 3.1915934085, 3.3186705112, 3.2893450260, 3.3040077686, 3.3284456729)
00:04:52.539 -> (3.2649071216, 3.1964809894, 3.3186705112, 3.2893450260, 3.3040077686, 3.3235580921)
00:04:52.989 -> (3.2502443790, 3.1671555042, 3.3137829303, 3.2893450260, 3.2844574451, 3.3235580921)
00:04:53.441 -> (3.2453567981, 3.1720430850, 3.3088953495, 3.2942326068, 3.2893450260, 3.3088953495)
00:04:53.892 -> (3.2355816364, 3.1769306659, 3.3235580921, 3.2942326068, 3.2844574451, 3.3186705112)
00:04:54.342 -> (3.2502443790, 3.1867058277, 3.3088953495, 3.2844574451, 3.2991201877, 3.3186705112)
00:04:54.793 -> (3.2502443790, 3.2013685703, 3.3137829303, 3.2844574451, 3.3088953495, 3.3186705112)
00:04:55.243 -> (3.2551319599, 3.2062561511, 3.3137829303, 3.2893450260, 3.3137829303, 3.3235580921)
00:04:55.694 -> (3.2551319599, 3.2111437320, 3.3137829303, 3.2893450260, 3.3186705112, 3.3235580921)
00:04:56.144 -> (3.2502443790, 3.2355816364, 3.3333332538, 3.2991201877, 3.3431084156, 3.3333332538)
00:04:56.595 -> (3.2551319599, 3.2453567981, 3.3235580921, 3.2942326068, 3.3479959964, 3.3284456729)
00:04:57.046 -> (3.2649071216, 3.2306940555, 3.3284456729, 3.2991201877, 3.3431084156, 3.3235580921)
00:04:57.497 -> (3.2697947025, 3.2013685703, 3.3137829303, 3.3040077686, 3.3284456729, 3.3333332538)
00:04:57.948 -> (3.2551319599, 3.1964809894, 3.3235580921, 3.2942326068, 3.3235580921, 3.3382208347)
00:04:58.398 -> (3.2697947025, 3.1915934085, 3.3235580921, 3.2942326068, 3.3137829303, 3.3333332538)
00:04:58.849 -> (3.2600195407, 3.1818182468, 3.3186705112, 3.2942326068, 3.3088953495, 3.3333332538)
00:04:59.299 -> (3.2600195407, 3.1818182468, 3.3137829303, 3.2991201877, 3.3040077686, 3.3235580921)
00:04:59.750 -> (3.2600195407, 3.1573803424, 3.3137829303, 3.2844574451, 3.2942326068, 3.3235580921)
00:05:00.200 -> (3.2551319599, 3.1671555042, 3.3137829303, 3.2795698642, 3.2844574451, 3.3235580921)
00:05:00.651 -> (3.2453567981, 3.1818182468, 3.3382208347, 3.2942326068, 3.2795698642, 3.3284456729)
