00:00:00.013 -> (3.3235580921, 3.2013685703, 3.3088953495, 3.2013685703, 3.3040077686, 3.2795698642)
00:00:00.493 -> (3.3137829303, 3.1818182468, 3.2942326068, 3.1915934085, 3.2844574451, 3.2746822834)
00:00:00.944 -> (3.3235580921, 3.1964809894, 3.2991201877, 3.1915934085, 3.2844574451, 3.2697947025)
00:00:01.394 -> (3.3088953495, 3.2013685703, 3.3040077686, 3.1915934085, 3.2893450260, 3.2697947025)
00:00:01.845 -> (3.3235580921, 3.2111437320, 3.3040077686, 3.1818182468, 3.2893450260, 3.2746822834)
00:00:02.296 -> (3.3186705112, 3.2160313129, 3.3088953495, 3.1867058277, 3.3088953495, 3.2795698642)
00:00:02.747 -> (3.3235580921, 3.2355816364, 3.3186705112, 3.2844574451, 3.3333332538, 3.2844574451)
00:00:03.197 -> (3.3186705112, 3.2355816364, 3.2991201877, 3.2991201877, 3.3382208347, 3.2893450260)
00:00:03.648 -> (3.3235580921, 3.2160313129, 3.3235580921, 3.2893450260, 3.3137829303, 3.2844574451)
00:00:04.099 -> (3.3186705112, 3.1867058277, 3.3040077686, 3.2893450260, 3.3088953495, 3.2795698642)
00:00:04.549 -> (3.3235580921, 3.1769306659, 3.2991201877, 3.3040077686, 3.3088953495, 3.2746822834)
00:00:05.000 -> (3.3284456729, 3.1671555042, 3.3040077686, 3.2991201877, 3.2991201877, 3.2795698642)
00:00:05.450 -> (3.3284456729, 3.1671555042, 3.2991201877, 3.2991201877, 3.3040077686, 3.2795698642)
00:00:05.901 -> (3.3235580921, 3.1476051807, 3.2942326068, 3.2942326068, 3.2893450260, 3.2795698642)
00:00:06.352 -> (3.3186705112, 3.1524927616, 3.2942326068, 3.2942326068, 3.2844574451, 3.2746822834)
00:00:06.803 -> (3.3137829303, 3.1769306659, 3.3284456729, 3.2991201877, 3.2844574451, 3.2697947025)
00:00:07.254 -> (3.3137829303, 3.1720430850, 3.2991201877, 3.2893450260, 3.3040077686, 3.2697947025)
00:00:07.704 -> (3.3186705112, 3.1818182468, 3.2991201877, 3.2893450260, 3.3040077686, 3.2746822834)
00:00:08.155 -> (3.3137829303, 3.1867058277, 3.2991201877, 3.2942326068, 3.3088953495, 3.2746822834)
00:00:08.605 -> (3.3235580921, 3.1915934085, 3.2991201877, 3.2991201877, 3.3186705112, 3.2697947025)
00:00:09.056 -> (3.3235580921, 3.2258064746, 3.3186705112, 3.3040077686, 3.3382208347, 3.2844574451)
00:00:09.506 -> (3.3333332538, 3.2209188938, 3.3186705112, 3.3040077686, 3.3431084156, 3.2893450260)
00:00:09.957 -> (3.3333332538, 3.1818182468, 3.3284456729, 3.2844574451, 3.3382208347, 3.2844574451)
00:00:10.407 -> (3.3186705112, 3.1818182468, 3.3088953495, 3.2991201877, 3.3137829303, 3.2844574451)
00:00:10.859 -> (3.3235580921, 3.1720430850, 3.3040077686, 3.3040077686, 3.3088953495, 3.2844574451)
00:00:11.310 -> (3.3235580921, 3.1622679233, 3.3040077686, 3.2991201877, 3.3040077686, 3.2795698642)
00:00:11.760 -> (3.3284456729, 3.1622679233, 3.3088953495, 3.2942326068, 3.3040077686, 3.2795698642)
00:00:12.211 -> (3.3235580921, 3.1427175998, 3.2991201877, 3.2893450260, 3.2844574451, 3.2697947025)
00:00:12.661 -> (3.3186705112, 3.1427175998, 3.2991201877, 3.2893450260, 3.2893450260, 3.2697947025)
00:00:13.112 -> (3.3186705112, 3.1720430850, 3.2942326068, 3.2893450260, 3.2942326068, 3.2746822834)
00:00:13.562 -> (3.3137829303, 3.1867058277, 3.2942326068, 3.2893450260, 3.2991201877, 3.2746822834)
00:00:14.013 -> (3.3088953495, 3.1964809894, 3.2991201877, 3.2942326068, 3.3040077686, 3.2795698642)
00:00:14.464 -> (3.3235580921, 3.2013685703, 3.2991201877, 3.2893450260, 3.3137829303, 3.2795698642)
00:00:14.915 -> (3.3235580921, 3.2306940555, 3.3088953495, 3.2893450260, 3.3333332538, 3.2844574451)
00:00:15.366 -> (3.3235580921, 3.2306940555, 3.3137829303, 3.3040077686, 3.3382208347, 3.2893450260)
00:00:15.816 -> (3.3382208347, 3.2062561511, 3.2795698642, 3.3088953495, 3.3235580921, 3.2844574451)
00:00:16.267 -> (3.3333332538, 3.2013685703, 3.3088953495, 3.2991201877, 3.3088953495, 3.2844574451)
00:00:16.717 -> (3.3284456729, 3.1769306659, 3.3040077686, 3.2942326068, 3.2991201877, 3.2893450260)
00:00:17.168 -> (3.3284456729, 3.1671555042, 3.3088953495, 3.2942326068, 3.2942326068, 3.2844574451)
00:00:17.618 -> (3.3235580921, 3.1720430850, 3.2991201877, 3.2942326068, 3.2844574451, 3.2844574451)
00:00:18.069 -> (3.3088953495, 3.1427175998, 3.2991201877, 3.2893450260, 3.2746822834, 3.2795698642)
00:00:18.520 -> (3.3040077686, 3.1476051807, 3.2697947025, 3.2746822834, 3.2746822834, 3.2649071216)
00:00:18.971 -> (3.3137829303, 3.1818182468, 3.2991201877, 3.2893450260, 3.2942326068, 3.2795698642)
00:00:19.422 -> (3.3186705112, 3.1915934085, 3.2991201877, 3.2893450260, 3.2991201877, 3.2844574451)
00:00:19.872 -> (3.3137829303, 3.1964809894, 3.2991201877, 3.2893450260, 3.3088953495, 3.2795698642)
00:00:20.323 -> (3.3235580921, 3.2111437320, 3.3040077686, 3.2893450260, 3.3235580921, 3.2844574451)
00:00:20.773 -> (3.3284456729, 3.2306940555, 3.3088953495, 3.2991201877, 3.3382208347, 3.2844574451)
00:00:21.224 -> (3.3333332538, 3.2209188938, 3.3235580921, 3.2942326068, 3.3186705112, 3.2893450260)
00:00:21.675 -> (3.3235580921, 3.1915934085, 3.3137829303, 3.3040077686, 3.3137829303, 3.2893450260)
00:00:22.125 -> (3.3284456729, 3.1818182468, 3.3088953495, 3.2991201877, 3.3040077686, 3.2893450260)
00:00:22.576 -> (3.3284456729, 3.1818182468, 3.3088953495, 3.2991201877, 3.2991201877, 3.2893450260)
00:00:23.026 -> (3.3235580921, 3.1769306659, 3.3088953495, 3.2991201877, 3.2893450260, 3.2844574451)
00:00:23.478 -> (3.3137829303, 3.1476051807, 3.3088953495, 3.2942326068, 3.2844574451, 3.2844574451)
00:00:23.928 -> (3.3186705112, 3.1524927616, 3.3040077686, 3.2844574451, 3.2746822834, 3.2795698642)
00:00:24.379 -> (3.3186705112, 3.1720430850, 3.2649071216, 3.2893450260, 3.2893450260, 3.2746822834)
00:00:24.829 -> (3.3186705112, 3.1867058277, 3.2942326068, 3.2844574451, 3.2942326068, 3.2795698642)
00:00:25.280 -> (3.3137829303, 3.1867058277, 3.2991201877, 3.2893450260, 3.2991201877, 3.2795698642)
00:00:25.731 -> (3.3137829303, 3.1964809894, 3.2991201877, 3.2893450260, 3.3040077686, 3.2795698642)
00:00:26.181 -> (3.3186705112, 3.2013685703, 3.3040077686, 3.2893450260, 3.3186705112, 3.2844574451)
00:00:26.632 -> (3.3235580921, 3.2355816364, 3.3137829303, 3.2942326068, 3.3284456729, 3.2795698642)
00:00:27.082 -> (3.3284456729, 3.2258064746, 3.3186705112, 3.3040077686, 3.3284456729, 3.2795698642)
00:00:27.534 -> (3.3382208347, 3.1915934085, 3.3137829303, 3.2844574451, 3.3137829303, 3.2844574451)
00:00:27.984 -> (3.3235580921, 3.1964809894, 3.3088953495, 3.2942326068, 3.3040077686, 3.2942326068)
00:00:28.435 -> (3.3284456729, 3.1671555042, 3.3088953495, 3.2991201877, 3.3040077686, 3.2893450260)
00:00:28.886 -> (3.3235580921, 3.1671555042, 3.3137829303, 3.2942326068, 3.2893450260, 3.2893450260)
00:00:29.336 -> (3.3186705112, 3.1671555042, 3.3088953495, 3.2942326068, 3.2893450260, 3.2844574451)
00:00:29.787 -> (3.3235580921, 3.1524927616, 3.2991201877, 3.2893450260, 3.2746822834, 3.2795698642)
00:00:30.237 -> (3.3186705112, 3.1671555042, 3.2893450260, 3.2893450260, 3.2746822834, 3.2795698642)
00:00:30.688 -> (3.3235580921, 3.1476051807, 3.2991201877, 3.2795698642, 3.2991201877, 3.2746822834)
00:00:31.138 -> (3.3040077686, 3.1720430850, 3.2893450260, 3.2844574451, 3.2844574451, 3.2746822834)
00:00:31.590 -> (3.3137829303, 3.1818182468, 3.2991201877, 3.2893450260, 3.2942326068, 3.2844574451)
00:00:32.040 -> (3.3235580921, 3.1915934085, 3.3040077686, 3.2893450260, 3.2991201877, 3.2844574451)
00:00:32.491 -> (3.3235580921, 3.1964809894, 3.3040077686, 3.2893450260, 3.3088953495, 3.2844574451)
00:00:32.942 -> (3.3137829303, 3.2209188938, 3.2991201877, 3.2991201877, 3.3284456729, 3.2795698642)
00:00:33.392 -> (3.3333332538, 3.2306940555, 3.3040077686, 3.2942326068, 3.3284456729, 3.2942326068)
00:00:33.843 -> (3.3284456729, 3.2111437320, 3.3284456729, 3.3137829303, 3.3088953495, 3.2893450260)
00:00:34.293 -> (3.3333332538, 3.2013685703, 3.2991201877, 3.2942326068, 3.3088953495, 3.2942326068)
00:00:34.744 -> (3.3333332538, 3.1867058277, 3.3137829303, 3.2942326068, 3.2991201877, 3.2942326068)
00:00:35.194 -> (3.3235580921, 3.1720430850, 3.3040077686, 3.2991201877, 3.2991201877, 3.2942326068)
00:00:35.645 -> (3.3284456729, 3.1671555042, 3.3088953495, 3.2991201877, 3.2893450260, 3.2893450260)
00:00:36.097 -> (3.3284456729, 3.1720430850, 3.3088953495, 3.2942326068, 3.2795698642, 3.2893450260)
00:00:36.547 -> (3.3137829303, 3.1427175998, 3.2942326068, 3.2893450260, 3.2746822834, 3.2795698642)
00:00:36.998 -> (3.3137829303, 3.1524927616, 3.3088953495, 3.2795698642, 3.2697947025, 3.2893450260)
00:00:37.448 -> (3.3186705112, 3.1622679233, 3.2893450260, 3.2893450260, 3.2844574451, 3.2844574451)
00:00:37.899 -> (3.3137829303, 3.1818182468, 3.2942326068, 3.2844574451, 3.2893450260, 3.2844574451)
00:00:38.349 -> (3.3235580921, 3.1867058277, 3.3040077686, 3.2893450260, 3.2942326068, 3.2844574451)
00:00:38.800 -> (3.3186705112, 3.1964809894, 3.3088953495, 3.2893450260, 3.3040077686, 3.2795698642)
00:00:39.250 -> (3.3235580921, 3.2062561511, 3.3040077686, 3.2942326068, 3.3235580921, 3.2942326068)
00:00:39.701 -> (3.3235580921, 3.2306940555, 3.3088953495, 3.2942326068, 3.3284456729, 3.2942326068)
00:00:40.153 -> (3.3284456729, 3.2258064746, 3.3186705112, 3.3137829303, 3.3333332538, 3.2893450260)
00:00:40.603 -> (3.3333332538, 3.1964809894, 3.3186705112, 3.2991201877, 3.3186705112, 3.2991201877)
00:00:41.054 -> (3.3186705112, 3.1818182468, 3.3040077686, 3.2991201877, 3.3088953495, 3.2991201877)
00:00:41.504 -> (3.3235580921, 3.1769306659, 3.3137829303, 3.2991201877, 3.2991201877, 3.2942326068)
00:00:41.955 -> (3.3284456729, 3.1720430850, 3.3088953495, 3.2991201877, 3.2893450260, 3.2942326068)
00:00:42.405 -> (3.3235580921, 3.1671555042, 3.3040077686, 3.2893450260, 3.2942326068, 3.2942326068)
00:00:42.856 -> (3.3186705112, 3.1427175998, 3.2991201877, 3.2893450260, 3.2746822834, 3.2844574451)
00:00:43.307 -> (3.3137829303, 3.1427175998, 3.3088953495, 3.2942326068, 3.2746822834, 3.2795698642)
00:00:43.757 -> (3.3235580921, 3.1671555042, 3.3137829303, 3.2893450260, 3.2893450260, 3.2893450260)
00:00:44.209 -> (3.3186705112, 3.1818182468, 3.2991201877, 3.2893450260, 3.2942326068, 3.2844574451)
00:00:44.659 -> (3.3137829303, 3.1867058277, 3.2991201877, 3.2893450260, 3.2991201877, 3.2844574451)
00:00:45.110 -> (3.3235580921, 3.1964809894, 3.2991201877, 3.2893450260, 3.3088953495, 3.2893450260)
00:00:45.560 -> (3.3186705112, 3.2160313129, 3.3137829303, 3.2942326068, 3.3235580921, 3.2893450260)
00:00:46.011 -> (3.3284456729, 3.2258064746, 3.3040077686, 3.2991201877, 3.3284456729, 3.2942326068)
00:00:46.461 -> (3.3333332538, 3.2258064746, 3.2893450260, 3.2942326068, 3.3137829303, 3.2893450260)
00:00:46.912 -> (3.3235580921, 3.1867058277, 3.2942326068, 3.2991201877, 3.3186705112, 3.2893450260)
00:00:47.363 -> (3.3284456729, 3.1720430850, 3.3137829303, 3.2991201877, 3.3040077686, 3.2942326068)
00:00:47.813 -> (3.3235580921, 3.1769306659, 3.3137829303, 3.2991201877, 3.2991201877, 3.2893450260)
00:00:48.265 -> (3.3235580921, 3.1622679233, 3.3088953495, 3.3040077686, 3.2942326068, 3.2942326068)
00:00:48.715 -> (3.3235580921, 3.1622679233, 3.3040077686, 3.2942326068, 3.2844574451, 3.2942326068)
00:00:49.166 -> (3.3186705112, 3.1476051807, 3.3040077686, 3.2893450260, 3.2844574451, 3.2893450260)
00:00:49.616 -> (3.3088953495, 3.1524927616, 3.3088953495, 3.2795698642, 3.2697947025, 3.2795698642)
00:00:50.067 -> (3.3137829303, 3.1769306659, 3.2991201877, 3.2991201877, 3.2893450260, 3.2844574451)
00:00:50.518 -> (3.3137829303, 3.1915934085, 3.3040077686, 3.2893450260, 3.3040077686, 3.2844574451)
00:00:50.968 -> (3.3137829303, 3.1915934085, 3.2991201877, 3.2844574451, 3.3040077686, 3.2844574451)
00:00:51.419 -> (3.3137829303, 3.2013685703, 3.3040077686, 3.2893450260, 3.3088953495, 3.2893450260)
00:00:51.869 -> (3.3235580921, 3.2355816364, 3.3186705112, 3.2991201877, 3.3382208347, 3.2942326068)
00:00:52.320 -> (3.3284456729, 3.2306940555, 3.3137829303, 3.3040077686, 3.3382208347, 3.2942326068)
00:00:52.771 -> (3.3431084156, 3.2209188938, 3.3284456729, 3.3040077686, 3.3186705112, 3.2942326068)
00:00:53.222 -> (3.3284456729, 3.2062561511, 3.2844574451, 3.2991201877, 3.3088953495, 3.2991201877)
00:00:53.672 -> (3.3284456729, 3.1867058277, 3.3088953495, 3.3040077686, 3.3088953495, 3.2942326068)
00:00:54.123 -> (3.3235580921, 3.1867058277, 3.3088953495, 3.2991201877, 3.2991201877, 3.2942326068)
00:00:54.574 -> (3.3186705112, 3.1769306659, 3.3137829303, 3.2991201877, 3.2991201877, 3.2893450260)
00:00:55.024 -> (3.3235580921, 3.1671555042, 3.2991201877, 3.2893450260, 3.2844574451, 3.2893450260)
00:00:55.475 -> (3.3186705112, 3.1573803424, 3.2991201877, 3.2893450260, 3.2795698642, 3.2844574451)
00:00:55.925 -> (3.3137829303, 3.1769306659, 3.3235580921, 3.2942326068, 3.2697947025, 3.2795698642)
00:00:56.376 -> (3.3137829303, 3.1867058277, 3.3040077686, 3.2893450260, 3.2893450260, 3.2844574451)
00:00:56.827 -> (3.3186705112, 3.1915934085, 3.3040077686, 3.2893450260, 3.2991201877, 3.2942326068)
00:00:57.278 -> (3.3186705112, 3.1964809894, 3.3040077686, 3.2893450260, 3.3088953495, 3.2893450260)
00:00:57.729 -> (3.3235580921, 3.2013685703, 3.3088953495, 3.2893450260, 3.3137829303, 3.2942326068)
00:00:58.179 -> (3.3235580921, 3.2306940555, 3.3137829303, 3.2991201877, 3.3333332538, 3.3040077686)
00:00:58.630 -> (3.3284456729, 3.2258064746, 3.3088953495, 3.2991201877, 3.3382208347, 3.3088953495)
00:00:59.080 -> (3.3333332538, 3.2062561511, 3.2844574451, 3.3040077686, 3.3333332538, 3.2942326068)
00:00:59.531 -> (3.3186705112, 3.1964809894, 3.3040077686, 3.2991201877, 3.3137829303, 3.2991201877)
00:00:59.981 -> (3.3284456729, 3.1818182468, 3.3137829303, 3.2893450260, 3.3040077686, 3.3040077686)
00:01:00.432 -> (3.3235580921, 3.1769306659, 3.3088953495, 3.2991201877, 3.2991201877, 3.2942326068)
00:01:00.882 -> (3.3235580921, 3.1769306659, 3.3088953495, 3.2942326068, 3.2942326068, 3.2942326068)
00:01:01.334 -> (3.3186705112, 3.1524927616, 3.2942326068, 3.2893450260, 3.2795698642, 3.2942326068)
00:01:01.785 -> (3.3186705112, 3.1573803424, 3.3040077686, 3.2844574451, 3.2795698642, 3.2844574451)
00:01:02.235 -> (3.3088953495, 3.1818182468, 3.3382208347, 3.2844574451, 3.2697947025, 3.2844574451)
00:01:02.686 -> (3.3186705112, 3.1818182468, 3.3088953495, 3.2893450260, 3.2942326068, 3.2893450260)
00:01:03.136 -> (3.3137829303, 3.1964809894, 3.3040077686, 3.2893450260, 3.2991201877, 3.2893450260)
00:01:03.587 -> (3.3137829303, 3.1964809894, 3.3040077686, 3.2893450260, 3.3040077686, 3.2893450260)
00:01:04.037 -> (3.3137829303, 3.2013685703, 3.3040077686, 3.2893450260, 3.3088953495, 3.2893450260)
00:01:04.488 -> (3.3137829303, 3.2209188938, 3.3040077686, 3.2942326068, 3.3235580921, 3.2991201877)
00:01:04.939 -> (3.3186705112, 3.2306940555, 3.3137829303, 3.2991201877, 3.3333332538, 3.2991201877)
00:01:05.389 -> (3.3235580921, 3.2355816364, 3.3137829303, 3.2795698642, 3.3235580921, 3.2991201877)
00:01:05.841 -> (3.3284456729, 3.2062561511, 3.3333332538, 3.3040077686, 3.3186705112, 3.2942326068)
00:01:06.291 -> (3.3186705112, 3.1964809894, 3.3137829303, 3.2991201877, 3.3088953495, 3.2942326068)
00:01:06.742 -> (3.3235580921, 3.1964809894, 3.3088953495, 3.2893450260, 3.3040077686, 3.2942326068)
00:01:07.192 -> (3.3186705112, 3.1867058277, 3.3088953495, 3.2991201877, 3.2991201877, 3.2991201877)
00:01:07.643 -> (3.3284456729, 3.1769306659, 3.3088953495, 3.2942326068, 3.2942326068, 3.2991201877)
00:01:08.093 -> (3.3235580921, 3.1622679233, 3.2991201877, 3.2942326068, 3.2795698642, 3.2942326068)
00:01:08.544 -> (3.3137829303, 3.1524927616, 3.3040077686, 3.2893450260, 3.2844574451, 3.2893450260)
00:01:08.995 -> (3.3137829303, 3.1573803424, 3.2893450260, 3.2795698642, 3.2697947025, 3.2991201877)
00:01:09.445 -> (3.3088953495, 3.1818182468, 3.2991201877, 3.2844574451, 3.2942326068, 3.2893450260)
00:01:09.896 -> (3.3137829303, 3.1915934085, 3.3040077686, 3.2893450260, 3.2991201877, 3.2893450260)
00:01:10.346 -> (3.3186705112, 3.2013685703, 3.2991201877, 3.2893450260, 3.3040077686, 3.2942326068)
00:01:10.798 -> (3.3186705112, 3.2013685703, 3.2991201877, 3.2893450260, 3.3040077686, 3.2942326068)
00:01:11.248 -> (3.3186705112, 3.2062561511, 3.3088953495, 3.2893450260, 3.3088953495, 3.2991201877)
00:01:11.699 -> (3.3235580921, 3.2355816364, 3.3088953495, 3.2991201877, 3.3284456729, 3.2991201877)
00:01:12.150 -> (3.3186705112, 3.2355816364, 3.3040077686, 3.2991201877, 3.3333332538, 3.3040077686)
00:01:12.600 -> (3.3284456729, 3.2160313129, 3.2893450260, 3.2942326068, 3.3333332538, 3.3040077686)
00:01:13.051 -> (3.3235580921, 3.2062561511, 3.3186705112, 3.2991201877, 3.3040077686, 3.2991201877)
00:01:13.501 -> (3.3186705112, 3.1964809894, 3.3088953495, 3.2991201877, 3.3040077686, 3.3040077686)
00:01:13.952 -> (3.3284456729, 3.1964809894, 3.3088953495, 3.2893450260, 3.2991201877, 3.3040077686)
00:01:14.402 -> (3.3186705112, 3.1867058277, 3.3088953495, 3.2991201877, 3.2942326068, 3.2942326068)
00:01:14.854 -> (3.3186705112, 3.1867058277, 3.3088953495, 3.2893450260, 3.2893450260, 3.2991201877)
00:01:15.304 -> (3.3088953495, 3.1622679233, 3.2991201877, 3.2942326068, 3.2795698642, 3.2942326068)
00:01:15.755 -> (3.3088953495, 3.1671555042, 3.2991201877, 3.2942326068, 3.2746822834, 3.2893450260)
00:01:16.206 -> (3.3235580921, 3.1818182468, 3.3235580921, 3.2795698642, 3.2893450260, 3.2942326068)
00:01:16.656 -> (3.3186705112, 3.1769306659, 3.2844574451, 3.2795698642, 3.2942326068, 3.2942326068)
00:01:17.107 -> (3.3137829303, 3.1915934085, 3.2991201877, 3.2844574451, 3.2991201877, 3.2942326068)
00:01:17.557 -> (3.3137829303, 3.1964809894, 3.3040077686, 3.2893450260, 3.3040077686, 3.2942326068)
00:01:18.008 -> (3.3137829303, 3.1964809894, 3.3040077686, 3.2893450260, 3.3088953495, 3.2942326068)
00:01:18.458 -> (3.3235580921, 3.2209188938, 3.3137829303, 3.2942326068, 3.3284456729, 3.3040077686)
00:01:18.909 -> (3.3186705112, 3.2306940555, 3.3040077686, 3.2893450260, 3.3333332538, 3.3040077686)
00:01:19.361 -> (3.3235580921, 3.2209188938, 3.2893450260, 3.2893450260, 3.3186705112, 3.3088953495)
00:01:19.811 -> (3.3333332538, 3.1964809894, 3.3088953495, 3.2991201877, 3.3235580921, 3.3040077686)
00:01:20.262 -> (3.3186705112, 3.1867058277, 3.3088953495, 3.3040077686, 3.3088953495, 3.3040077686)
00:01:20.712 -> (3.3186705112, 3.1769306659, 3.3040077686, 3.2942326068, 3.3040077686, 3.3040077686)
00:01:21.163 -> (3.3186705112, 3.1769306659, 3.3088953495, 3.2942326068, 3.2942326068, 3.3040077686)
00:01:21.613 -> (3.3235580921, 3.1769306659, 3.3088953495, 3.2942326068, 3.2942326068, 3.2991201877)
00:01:22.064 -> (3.3186705112, 3.1476051807, 3.2991201877, 3.2942326068, 3.2795698642, 3.2991201877)
00:01:22.514 -> (3.3137829303, 3.1524927616, 3.2893450260, 3.2844574451, 3.2795698642, 3.2942326068)
00:01:22.965 -> (3.3235580921, 3.1573803424, 3.2697947025, 3.2893450260, 3.2942326068, 3.2991201877)
00:01:23.416 -> (3.3137829303, 3.1915934085, 3.3040077686, 3.2893450260, 3.2991201877, 3.2942326068)
00:01:23.867 -> (3.3137829303, 3.1915934085, 3.3040077686, 3.2893450260, 3.2991201877, 3.2991201877)
00:01:24.318 -> (3.3088953495, 3.2013685703, 3.3040077686, 3.2942326068, 3.3040077686, 3.2942326068)
00:01:24.768 -> (3.3137829303, 3.2062561511, 3.3040077686, 3.2942326068, 3.3137829303, 3.2991201877)
00:01:25.219 -> (3.3186705112, 3.2404692173, 3.3040077686, 3.2991201877, 3.3382208347, 3.3088953495)
00:01:25.669 -> (3.3284456729, 3.2306940555, 3.3186705112, 3.3040077686, 3.3382208347, 3.2991201877)
00:01:26.120 -> (3.3333332538, 3.2209188938, 3.2942326068, 3.2942326068, 3.3088953495, 3.2991201877)
00:01:26.571 -> (3.3186705112, 3.1769306659, 3.3137829303, 3.2942326068, 3.3088953495, 3.3040077686)
00:01:27.021 -> (3.3235580921, 3.1769306659, 3.3088953495, 3.2991201877, 3.3040077686, 3.2991201877)
00:01:27.472 -> (3.3186705112, 3.1671555042, 3.3040077686, 3.2942326068, 3.2991201877, 3.3040077686)
00:01:27.922 -> (3.3235580921, 3.1769306659, 3.3088953495, 3.2942326068, 3.2844574451, 3.2991201877)
00:01:28.374 -> (3.3137829303, 3.1524927616, 3.3040077686, 3.2844574451, 3.2844574451, 3.2942326068)
00:01:28.824 -> (3.2991201877, 3.1818182468, 3.3137829303, 3.2697947025, 3.2844574451, 3.2893450260)
00:01:29.275 -> (3.3088953495, 3.1818182468, 3.3040077686, 3.2893450260, 3.2991201877, 3.2991201877)
00:01:29.725 -> (3.3088953495, 3.1915934085, 3.3040077686, 3.2893450260, 3.3137829303, 3.2942326068)
00:01:30.176 -> (3.3137829303, 3.2013685703, 3.3088953495, 3.2893450260, 3.3137829303, 3.2942326068)
00:01:30.627 -> (3.3088953495, 3.2062561511, 3.3088953495, 3.2942326068, 3.3284456729, 3.2942326068)
00:01:31.077 -> (3.3235580921, 3.2306940555, 3.3235580921, 3.2991201877, 3.3382208347, 3.3088953495)
00:01:31.528 -> (3.3284456729, 3.2209188938, 3.3040077686, 3.3137829303, 3.3333332538, 3.2991201877)
00:01:31.978 -> (3.3137829303, 3.2062561511, 3.3137829303, 3.2991201877, 3.3137829303, 3.3088953495)
00:01:32.430 -> (3.3235580921, 3.1867058277, 3.3088953495, 3.2942326068, 3.3088953495, 3.3088953495)
00:01:32.880 -> (3.3235580921, 3.1769306659, 3.3137829303, 3.2942326068, 3.3088953495, 3.3088953495)
00:01:33.331 -> (3.3186705112, 3.1720430850, 3.3088953495, 3.2942326068, 3.3088953495, 3.3040077686)
00:01:33.782 -> (3.3186705112, 3.1524927616, 3.3088953495, 3.2942326068, 3.2893450260, 3.2991201877)
00:01:34.232 -> (3.3088953495, 3.1573803424, 3.2991201877, 3.2844574451, 3.2893450260, 3.3088953495)
00:01:34.683 -> (3.3235580921, 3.1622679233, 3.2697947025, 3.2893450260, 3.3040077686, 3.2942326068)
00:01:35.133 -> (3.3040077686, 3.1867058277, 3.3040077686, 3.2893450260, 3.3088953495, 3.2942326068)
00:01:35.584 -> (3.3137829303, 3.1915934085, 3.2991201877, 3.2893450260, 3.3137829303, 3.2942326068)
00:01:36.034 -> (3.3137829303, 3.2013685703, 3.2991201877, 3.2942326068, 3.3186705112, 3.2991201877)
00:01:36.485 -> (3.3137829303, 3.2062561511, 3.3040077686, 3.2942326068, 3.3284456729, 3.3040077686)
00:01:36.935 -> (3.3235580921, 3.2306940555, 3.3088953495, 3.2991201877, 3.3382208347, 3.3040077686)
00:01:37.387 -> (3.3235580921, 3.2355816364, 3.3137829303, 3.2991201877, 3.3431084156, 3.3088953495)
00:01:37.838 -> (3.3333332538, 3.1964809894, 3.3088953495, 3.3040077686, 3.3284456729, 3.3040077686)
00:01:38.288 -> (3.3186705112, 3.1964809894, 3.3137829303, 3.2991201877, 3.3137829303, 3.3088953495)
00:01:38.739 -> (3.3235580921, 3.1915934085, 3.3088953495, 3.2991201877, 3.3137829303, 3.3040077686)
00:01:39.189 -> (3.3235580921, 3.1818182468, 3.3137829303, 3.2991201877, 3.3040077686, 3.3040077686)
00:01:39.640 -> (3.3186705112, 3.1915934085, 3.3088953495, 3.2942326068, 3.3040077686, 3.2991201877)
00:01:40.090 -> (3.3137829303, 3.1720430850, 3.3040077686, 3.2893450260, 3.2893450260, 3.2991201877)
00:01:40.541 -> (3.3137829303, 3.1622679233, 3.3040077686, 3.2893450260, 3.2844574451, 3.2942326068)
00:01:40.992 -> (3.3088953495, 3.1964809894, 3.2991201877, 3.2795698642, 3.3040077686, 3.2991201877)
00:01:41.442 -> (3.3137829303, 3.2013685703, 3.3040077686, 3.2893450260, 3.3088953495, 3.2991201877)
00:01:41.894 -> (3.3088953495, 3.2062561511, 3.2991201877, 3.2893450260, 3.3088953495, 3.2942326068)
00:01:42.344 -> (3.3088953495, 3.2111437320, 3.2991201877, 3.2893450260, 3.3137829303, 3.2991201877)
00:01:42.795 -> (3.3186705112, 3.2209188938, 3.3040077686, 3.2844574451, 3.3235580921, 3.2991201877)
00:01:43.245 -> (3.3088953495, 3.2453567981, 3.3088953495, 3.2991201877, 3.3382208347, 3.3137829303)
00:01:43.696 -> (3.3235580921, 3.2355816364, 3.3137829303, 3.2991201877, 3.3382208347, 3.3137829303)
00:01:44.146 -> (3.3235580921, 3.2111437320, 3.3382208347, 3.3040077686, 3.3186705112, 3.3088953495)
00:01:44.597 -> (3.3235580921, 3.2062561511, 3.3088953495, 3.2991201877, 3.3235580921, 3.3088953495)
00:01:45.048 -> (3.3186705112, 3.1964809894, 3.3137829303, 3.2991201877, 3.3137829303, 3.3040077686)
00:01:45.498 -> (3.3186705112, 3.1964809894, 3.3040077686, 3.2991201877, 3.3137829303, 3.3088953495)
00:01:45.950 -> (3.3186705112, 3.1915934085, 3.3040077686, 3.2991201877, 3.3088953495, 3.3040077686)
00:01:46.400 -> (3.3186705112, 3.1867058277, 3.3088953495, 3.2893450260, 3.2893450260, 3.3088953495)
00:01:46.851 -> (3.3137829303, 3.1818182468, 3.2942326068, 3.2844574451, 3.2942326068, 3.3040077686)
00:01:47.301 -> (3.3186705112, 3.1867058277, 3.2991201877, 3.2746822834, 3.2942326068, 3.2942326068)
00:01:47.752 -> (3.3186705112, 3.1818182468, 3.2844574451, 3.2893450260, 3.2991201877, 3.2942326068)
00:01:48.203 -> (3.3137829303, 3.2062561511, 3.2991201877, 3.2893450260, 3.3088953495, 3.3040077686)
00:01:48.653 -> (3.3088953495, 3.2062561511, 3.2991201877, 3.2942326068, 3.3137829303, 3.2991201877)
00:01:49.104 -> (3.3186705112, 3.2160313129, 3.3040077686, 3.2942326068, 3.3186705112, 3.3040077686)
00:01:49.554 -> (3.3137829303, 3.2258064746, 3.3088953495, 3.2893450260, 3.3382208347, 3.3088953495)
00:01:50.006 -> (3.3186705112, 3.2453567981, 3.3186705112, 3.2991201877, 3.3333332538, 3.3088953495)
00:01:50.456 -> (3.3235580921, 3.2404692173, 3.2942326068, 3.2991201877, 3.3235580921, 3.2991201877)
00:01:50.907 -> (3.3137829303, 3.2160313129, 3.3088953495, 3.3040077686, 3.3186705112, 3.3088953495)
00:01:51.357 -> (3.3137829303, 3.2013685703, 3.3137829303, 3.2991201877, 3.3088953495, 3.3040077686)
00:01:51.808 -> (3.3186705112, 3.1915934085, 3.3040077686, 3.2991201877, 3.3040077686, 3.3137829303)
00:01:52.259 -> (3.3186705112, 3.1818182468, 3.3088953495, 3.2942326068, 3.2991201877, 3.3040077686)
00:01:52.709 -> (3.3235580921, 3.1818182468, 3.3088953495, 3.2893450260, 3.2991201877, 3.3088953495)
00:01:53.160 -> (3.3088953495, 3.1622679233, 3.2991201877, 3.2844574451, 3.2844574451, 3.2991201877)
00:01:53.610 -> (3.3137829303, 3.1622679233, 3.2795698642, 3.2893450260, 3.2942326068, 3.3040077686)
00:01:54.062 -> (3.3040077686, 3.1769306659, 3.2893450260, 3.2893450260, 3.2893450260, 3.2991201877)
00:01:54.512 -> (3.3137829303, 3.1964809894, 3.2991201877, 3.2893450260, 3.3088953495, 3.2991201877)
00:01:54.963 -> (3.3088953495, 3.1964809894, 3.3040077686, 3.2844574451, 3.3137829303, 3.2942326068)
00:01:55.414 -> (3.3088953495, 3.2062561511, 3.2991201877, 3.2942326068, 3.3137829303, 3.2991201877)
00:01:55.864 -> (3.3186705112, 3.2306940555, 3.2991201877, 3.2991201877, 3.3333332538, 3.3088953495)
00:01:56.315 -> (3.3235580921, 3.2355816364, 3.3137829303, 3.2991201877, 3.3333332538, 3.3088953495)
00:01:56.765 -> (3.3186705112, 3.2111437320, 3.2942326068, 3.2893450260, 3.3431084156, 3.3137829303)
00:01:57.216 -> (3.3235580921, 3.2062561511, 3.2991201877, 3.2991201877, 3.3284456729, 3.3088953495)
00:01:57.666 -> (3.3235580921, 3.1915934085, 3.3088953495, 3.2942326068, 3.3088953495, 3.3040077686)
00:01:58.118 -> (3.3186705112, 3.1964809894, 3.3040077686, 3.2991201877, 3.3088953495, 3.3088953495)
00:01:58.568 -> (3.3235580921, 3.1867058277, 3.3088953495, 3.2942326068, 3.3040077686, 3.3088953495)
00:01:59.019 -> (3.3088953495, 3.1867058277, 3.2893450260, 3.2942326068, 3.2893450260, 3.3040077686)
00:01:59.470 -> (3.3137829303, 3.1573803424, 3.2942326068, 3.2844574451, 3.2844574451, 3.2942326068)
00:01:59.920 -> (3.3186705112, 3.1622679233, 3.2746822834, 3.3040077686, 3.2795698642, 3.3137829303)
00:02:00.371 -> (3.3137829303, 3.1915934085, 3.2844574451, 3.2795698642, 3.3088953495, 3.2991201877)
00:02:00.821 -> (3.3088953495, 3.2013685703, 3.3040077686, 3.2893450260, 3.3040077686, 3.2991201877)
00:02:01.272 -> (3.3088953495, 3.2013685703, 3.2991201877, 3.2893450260, 3.3137829303, 3.2991201877)
00:02:01.722 -> (3.3137829303, 3.2062561511, 3.2991201877, 3.2893450260, 3.3235580921, 3.2991201877)
00:02:02.173 -> (3.3186705112, 3.2306940555, 3.3040077686, 3.2893450260, 3.3431084156, 3.3088953495)
00:02:02.625 -> (3.3284456729, 3.2404692173, 3.3235580921, 3.2942326068, 3.3431084156, 3.3137829303)
00:02:03.075 -> (3.3235580921, 3.2209188938, 3.2844574451, 3.3088953495, 3.3382208347, 3.3088953495)
00:02:03.526 -> (3.3284456729, 3.2111437320, 3.2893450260, 3.2991201877, 3.3284456729, 3.3088953495)
00:02:03.976 -> (3.3186705112, 3.1915934085, 3.3088953495, 3.2942326068, 3.3186705112, 3.3137829303)
00:02:04.427 -> (3.3235580921, 3.1867058277, 3.3040077686, 3.2991201877, 3.3137829303, 3.3137829303)
00:02:04.877 -> (3.3235580921, 3.1818182468, 3.3137829303, 3.2942326068, 3.3088953495, 3.3040077686)
00:02:05.328 -> (3.3137829303, 3.1867058277, 3.3040077686, 3.2893450260, 3.2991201877, 3.3088953495)
00:02:05.778 -> (3.3137829303, 3.1622679233, 3.2942326068, 3.2893450260, 3.2942326068, 3.3040077686)
00:02:06.229 -> (3.3088953495, 3.1915934085, 3.3186705112, 3.2893450260, 3.2844574451, 3.3040077686)
00:02:06.680 -> (3.3088953495, 3.1964809894, 3.3040077686, 3.2893450260, 3.3088953495, 3.2893450260)
00:02:07.131 -> (3.3088953495, 3.2160313129, 3.3040077686, 3.2844574451, 3.3137829303, 3.2991201877)
00:02:07.582 -> (3.3088953495, 3.2111437320, 3.3040077686, 3.2844574451, 3.3186705112, 3.3040077686)
00:02:08.032 -> (3.3137829303, 3.2209188938, 3.2991201877, 3.2893450260, 3.3235580921, 3.2991201877)
00:02:08.483 -> (3.3235580921, 3.2306940555, 3.3040077686, 3.2991201877, 3.3382208347, 3.2942326068)
00:02:08.933 -> (3.3284456729, 3.2404692173, 3.2942326068, 3.2991201877, 3.3479959964, 3.3137829303)
00:02:09.384 -> (3.3186705112, 3.2258064746, 3.3186705112, 3.3137829303, 3.3382208347, 3.3040077686)
00:02:09.835 -> (3.3284456729, 3.2209188938, 3.3137829303, 3.2893450260, 3.3333332538, 3.3137829303)
00:02:10.285 -> (3.3186705112, 3.1964809894, 3.3088953495, 3.2942326068, 3.3186705112, 3.3137829303)
00:02:10.736 -> (3.3235580921, 3.1964809894, 3.3088953495, 3.2991201877, 3.3137829303, 3.3088953495)
00:02:11.186 -> (3.3186705112, 3.1867058277, 3.3088953495, 3.2991201877, 3.3040077686, 3.3040077686)
00:02:11.637 -> (3.3137829303, 3.2013685703, 3.3088953495, 3.2942326068, 3.3040077686, 3.3040077686)
00:02:12.088 -> (3.3186705112, 3.1622679233, 3.2942326068, 3.2942326068, 3.2893450260, 3.3088953495)
00:02:12.539 -> (3.3137829303, 3.1671555042, 3.2942326068, 3.2844574451, 3.2844574451, 3.3088953495)
00:02:12.989 -> (3.3040077686, 3.1818182468, 3.3284456729, 3.2844574451, 3.2893450260, 3.2893450260)
00:02:13.440 -> (3.3088953495, 3.1964809894, 3.2942326068, 3.2893450260, 3.3040077686, 3.2991201877)
00:02:13.891 -> (3.3137829303, 3.2013685703, 3.3040077686, 3.2893450260, 3.3137829303, 3.2991201877)
00:02:14.341 -> (3.3088953495, 3.2111437320, 3.3040077686, 3.2844574451, 3.3137829303, 3.2991201877)
00:02:14.792 -> (3.3137829303, 3.2160313129, 3.3040077686, 3.2893450260, 3.3284456729, 3.3137829303)
00:02:15.242 -> (3.3137829303, 3.2502443790, 3.3088953495, 3.2991201877, 3.3431084156, 3.3137829303)
00:02:15.693 -> (3.3235580921, 3.2355816364, 3.3137829303, 3.2991201877, 3.3333332538, 3.3040077686)
00:02:16.144 -> (3.3235580921, 3.2160313129, 3.2746822834, 3.3040077686, 3.3186705112, 3.3040077686)
00:02:16.595 -> (3.3186705112, 3.2111437320, 3.3088953495, 3.2893450260, 3.3186705112, 3.3088953495)
00:02:17.046 -> (3.3186705112, 3.1915934085, 3.3088953495, 3.2991201877, 3.3088953495, 3.3040077686)
00:02:17.496 -> (3.3186705112, 3.1867058277, 3.3040077686, 3.2942326068, 3.3088953495, 3.3088953495)
00:02:17.947 -> (3.3137829303, 3.1818182468, 3.3040077686, 3.2991201877, 3.3088953495, 3.3088953495)
00:02:18.397 -> (3.3186705112, 3.1671555042, 3.2991201877, 3.2893450260, 3.2942326068, 3.3040077686)
00:02:18.848 -> (3.3137829303, 3.1671555042, 3.2991201877, 3.2844574451, 3.2893450260, 3.3040077686)
00:02:19.298 -> (3.3088953495, 3.1720430850, 3.3235580921, 3.2697947025, 3.2942326068, 3.2942326068)
00:02:19.749 -> (3.2991201877, 3.1964809894, 3.2991201877, 3.2893450260, 3.3040077686, 3.3040077686)
00:02:20.199 -> (3.3088953495, 3.2062561511, 3.3040077686, 3.2893450260, 3.3137829303, 3.3040077686)
00:02:20.650 -> (3.3137829303, 3.2062561511, 3.2991201877, 3.2893450260, 3.3137829303, 3.3040077686)
00:02:21.102 -> (3.3186705112, 3.2111437320, 3.3040077686, 3.2893450260, 3.3186705112, 3.3040077686)
00:02:21.552 -> (3.3137829303, 3.2453567981, 3.3088953495, 3.2991201877, 3.3431084156, 3.3137829303)
00:02:22.003 -> (3.3186705112, 3.2404692173, 3.3088953495, 3.2991201877, 3.3382208347, 3.3088953495)
00:02:22.453 -> (3.3137829303, 3.2160313129, 3.2844574451, 3.2991201877, 3.3235580921, 3.3137829303)
00:02:22.904 -> (3.3137829303, 3.1964809894, 3.3088953495, 3.2942326068, 3.3186705112, 3.3137829303)
00:02:23.354 -> (3.3186705112, 3.1867058277, 3.3088953495, 3.2991201877, 3.3137829303, 3.3088953495)
00:02:23.805 -> (3.3186705112, 3.1769306659, 3.3088953495, 3.2942326068, 3.3088953495, 3.3088953495)
00:02:24.256 -> (3.3137829303, 3.1915934085, 3.3088953495, 3.2942326068, 3.3040077686, 3.3040077686)
00:02:24.706 -> (3.3137829303, 3.1671555042, 3.3040077686, 3.2893450260, 3.2844574451, 3.3040077686)
00:02:25.157 -> (3.3040077686, 3.1818182468, 3.3284456729, 3.2893450260, 3.2795698642, 3.3040077686)
00:02:25.608 -> (3.3088953495, 3.1818182468, 3.3040077686, 3.2893450260, 3.2942326068, 3.3088953495)
00:02:26.059 -> (3.3088953495, 3.2013685703, 3.2942326068, 3.2893450260, 3.3088953495, 3.3040077686)
00:02:26.509 -> (3.3088953495, 3.2062561511, 3.2942326068, 3.2942326068, 3.3137829303, 3.3040077686)
00:02:26.960 -> (3.3088953495, 3.2160313129, 3.3040077686, 3.2893450260, 3.3186705112, 3.3088953495)
00:02:27.410 -> (3.3186705112, 3.2502443790, 3.3186705112, 3.2942326068, 3.3479959964, 3.3088953495)
00:02:27.861 -> (3.3186705112, 3.2306940555, 3.3137829303, 3.2991201877, 3.3333332538, 3.3137829303)
00:02:28.312 -> (3.3235580921, 3.2404692173, 3.3284456729, 3.2991201877, 3.3284456729, 3.3088953495)
00:02:28.762 -> (3.3186705112, 3.1964809894, 3.3088953495, 3.2991201877, 3.3137829303, 3.3137829303)
00:02:29.213 -> (3.3235580921, 3.1964809894, 3.2991201877, 3.2942326068, 3.3088953495, 3.3137829303)
00:02:29.663 -> (3.3235580921, 3.1867058277, 3.3040077686, 3.2942326068, 3.3088953495, 3.3088953495)
00:02:30.115 -> (3.3186705112, 3.1818182468, 3.3040077686, 3.2893450260, 3.3040077686, 3.3088953495)
00:02:30.565 -> (3.3186705112, 3.1622679233, 3.2991201877, 3.2893450260, 3.2942326068, 3.3040077686)
00:02:31.016 -> (3.3040077686, 3.1671555042, 3.2991201877, 3.2844574451, 3.2795698642, 3.2893450260)
00:02:31.467 -> (3.3088953495, 3.1867058277, 3.3040077686, 3.2844574451, 3.2893450260, 3.3040077686)
00:02:31.917 -> (3.3040077686, 3.2013685703, 3.2991201877, 3.2893450260, 3.3088953495, 3.3040077686)
00:02:32.368 -> (3.3137829303, 3.2062561511, 3.3040077686, 3.2844574451, 3.3137829303, 3.3088953495)
00:02:32.818 -> (3.3137829303, 3.2209188938, 3.3040077686, 3.2844574451, 3.3235580921, 3.3040077686)
00:02:33.269 -> (3.3088953495, 3.2209188938, 3.2942326068, 3.2942326068, 3.3382208347, 3.3137829303)
00:02:33.719 -> (3.3186705112, 3.2502443790, 3.3137829303, 3.2942326068, 3.3382208347, 3.3186705112)
00:02:34.170 -> (3.3284456729, 3.2404692173, 3.2893450260, 3.2844574451, 3.3284456729, 3.2991201877)
00:02:34.621 -> (3.3186705112, 3.2209188938, 3.3137829303, 3.2942326068, 3.3284456729, 3.3137829303)
00:02:35.072 -> (3.3235580921, 3.1964809894, 3.3040077686, 3.2942326068, 3.3186705112, 3.3137829303)
00:02:35.523 -> (3.3186705112, 3.1915934085, 3.3088953495, 3.2893450260, 3.3137829303, 3.3137829303)
00:02:35.973 -> (3.3235580921, 3.1867058277, 3.3040077686, 3.2893450260, 3.3088953495, 3.3137829303)
00:02:36.424 -> (3.3137829303, 3.1867058277, 3.3040077686, 3.2893450260, 3.3088953495, 3.3137829303)
00:02:36.874 -> (3.3137829303, 3.1671555042, 3.2991201877, 3.2893450260, 3.2942326068, 3.3040077686)
00:02:37.325 -> (3.3137829303, 3.1720430850, 3.2991201877, 3.2795698642, 3.2795698642, 3.2942326068)
00:02:37.775 -> (3.2991201877, 3.2013685703, 3.3186705112, 3.2942326068, 3.2942326068, 3.2942326068)
00:02:38.226 -> (3.3137829303, 3.1964809894, 3.2942326068, 3.2795698642, 3.3040077686, 3.3040077686)
00:02:38.676 -> (3.3088953495, 3.2160313129, 3.2991201877, 3.2844574451, 3.3088953495, 3.2991201877)
00:02:39.128 -> (3.3088953495, 3.2258064746, 3.2991201877, 3.2844574451, 3.3137829303, 3.3040077686)
00:02:39.579 -> (3.3088953495, 3.2306940555, 3.3040077686, 3.2893450260, 3.3186705112, 3.3088953495)
00:02:40.029 -> (3.3137829303, 3.2453567981, 3.2991201877, 3.2844574451, 3.3333332538, 3.3137829303)
00:02:40.480 -> (3.3186705112, 3.2551319599, 3.3088953495, 3.2942326068, 3.3431084156, 3.3186705112)
00:02:40.930 -> (3.3235580921, 3.2600195407, 3.3088953495, 3.2991201877, 3.3382208347, 3.3186705112)
00:02:41.381 -> (3.3137829303, 3.2404692173, 3.3235580921, 3.2795698642, 3.3284456729, 3.3137829303)
00:02:41.831 -> (3.3137829303, 3.2160313129, 3.3088953495, 3.2844574451, 3.3186705112, 3.3088953495)
00:02:42.282 -> (3.3235580921, 3.2111437320, 3.3088953495, 3.2942326068, 3.3137829303, 3.3088953495)
00:02:42.734 -> (3.3186705112, 3.2062561511, 3.3088953495, 3.2844574451, 3.3088953495, 3.3137829303)
00:02:43.184 -> (3.3137829303, 3.1964809894, 3.3088953495, 3.2844574451, 3.3040077686, 3.3137829303)
00:02:43.635 -> (3.3088953495, 3.1964809894, 3.3040077686, 3.2942326068, 3.3040077686, 3.3088953495)
00:02:44.085 -> (3.3137829303, 3.1573803424, 3.2991201877, 3.2844574451, 3.2893450260, 3.2991201877)
00:02:44.536 -> (3.3040077686, 3.1671555042, 3.2991201877, 3.2746822834, 3.2844574451, 3.2991201877)
00:02:44.986 -> (3.2991201877, 3.1720430850, 3.2844574451, 3.2795698642, 3.2844574451, 3.3040077686)
00:02:45.437 -> (3.3088953495, 3.1867058277, 3.2942326068, 3.2844574451, 3.2991201877, 3.2942326068)
00:02:45.888 -> (3.3088953495, 3.2111437320, 3.2991201877, 3.2893450260, 3.3040077686, 3.3088953495)
00:02:46.338 -> (3.3088953495, 3.2111437320, 3.3040077686, 3.2795698642, 3.3088953495, 3.3040077686)
00:02:46.789 -> (3.3088953495, 3.2209188938, 3.2991201877, 3.2844574451, 3.3137829303, 3.3040077686)
00:02:47.239 -> (3.3186705112, 3.2209188938, 3.3040077686, 3.2795698642, 3.3186705112, 3.3088953495)
00:02:47.691 -> (3.3088953495, 3.2355816364, 3.2893450260, 3.2991201877, 3.3333332538, 3.3088953495)
00:02:48.141 -> (3.3137829303, 3.2502443790, 3.3235580921, 3.2893450260, 3.3431084156, 3.3088953495)
00:02:48.592 -> (3.3235580921, 3.2502443790, 3.3186705112, 3.2893450260, 3.3431084156, 3.3186705112)
00:02:49.042 -> (3.3235580921, 3.2404692173, 3.3382208347, 3.3040077686, 3.3333332538, 3.3088953495)
00:02:49.493 -> (3.3186705112, 3.2209188938, 3.2991201877, 3.2893450260, 3.3186705112, 3.3137829303)
00:02:49.944 -> (3.3186705112, 3.2062561511, 3.3088953495, 3.2942326068, 3.3137829303, 3.3137829303)
00:02:50.394 -> (3.3186705112, 3.2062561511, 3.3040077686, 3.2942326068, 3.3088953495, 3.3137829303)
00:02:50.845 -> (3.3186705112, 3.2013685703, 3.3040077686, 3.2893450260, 3.3040077686, 3.3137829303)
00:02:51.295 -> (3.3186705112, 3.2062561511, 3.3040077686, 3.2942326068, 3.3040077686, 3.3088953495)
00:02:51.746 -> (3.3137829303, 3.2013685703, 3.2991201877, 3.2795698642, 3.2942326068, 3.3088953495)
00:02:52.197 -> (3.3088953495, 3.1769306659, 3.3040077686, 3.2893450260, 3.2893450260, 3.3040077686)
00:02:52.648 -> (3.3088953495, 3.1769306659, 3.3040077686, 3.2893450260, 3.3040077686, 3.2991201877)
00:02:53.099 -> (3.3040077686, 3.1867058277, 3.3137829303, 3.2942326068, 3.2942326068, 3.2942326068)
00:02:53.549 -> (3.3040077686, 3.2013685703, 3.2991201877, 3.2795698642, 3.2991201877, 3.3088953495)
00:02:54.000 -> (3.3088953495, 3.2209188938, 3.3040077686, 3.2844574451, 3.3088953495, 3.3040077686)
00:02:54.450 -> (3.3088953495, 3.2209188938, 3.3040077686, 3.2893450260, 3.3088953495, 3.3040077686)
00:02:54.901 -> (3.3137829303, 3.2258064746, 3.2991201877, 3.2893450260, 3.3137829303, 3.3040077686)
00:02:55.351 -> (3.3088953495, 3.2355816364, 3.3040077686, 3.2893450260, 3.3186705112, 3.3088953495)
00:02:55.802 -> (3.3088953495, 3.2600195407, 3.3088953495, 3.3040077686, 3.3382208347, 3.3137829303)
00:02:56.252 -> (3.3186705112, 3.2600195407, 3.3040077686, 3.2893450260, 3.3431084156, 3.3137829303)
00:02:56.703 -> (3.3137829303, 3.2404692173, 3.3186705112, 3.3040077686, 3.3284456729, 3.3137829303)
00:02:57.155 -> (3.3284456729, 3.2258064746, 3.3088953495, 3.2942326068, 3.3186705112, 3.3137829303)
00:02:57.605 -> (3.3186705112, 3.2160313129, 3.3137829303, 3.2942326068, 3.3186705112, 3.3186705112)
00:02:58.056 -> (3.3235580921, 3.2062561511, 3.3040077686, 3.2893450260, 3.3137829303, 3.3186705112)
00:02:58.506 -> (3.3235580921, 3.1964809894, 3.3088953495, 3.2942326068, 3.3040077686, 3.3186705112)
00:02:58.957 -> (3.3186705112, 3.1867058277, 3.3088953495, 3.2942326068, 3.2991201877, 3.3137829303)
00:02:59.407 -> (3.3186705112, 3.1964809894, 3.2991201877, 3.2844574451, 3.2893450260, 3.3088953495)
00:02:59.858 -> (3.3137829303, 3.1622679233, 3.2991201877, 3.2844574451, 3.2795698642, 3.3137829303)
00:03:00.308 -> (3.2991201877, 3.1622679233, 3.2942326068, 3.2795698642, 3.2746822834, 3.2991201877)
00:03:00.759 -> (3.3137829303, 3.1769306659, 3.3235580921, 3.2697947025, 3.2893450260, 3.3040077686)
00:03:01.211 -> (3.3088953495, 3.1915934085, 3.3040077686, 3.2844574451, 3.2942326068, 3.3088953495)
00:03:01.661 -> (3.3088953495, 3.2062561511, 3.2942326068, 3.2844574451, 3.3040077686, 3.3088953495)
00:03:02.112 -> (3.3137829303, 3.2013685703, 3.3040077686, 3.2893450260, 3.3040077686, 3.3088953495)
00:03:02.562 -> (3.3137829303, 3.2062561511, 3.2991201877, 3.2893450260, 3.3137829303, 3.3040077686)
00:03:03.013 -> (3.3088953495, 3.2160313129, 3.3137829303, 3.2844574451, 3.3186705112, 3.3137829303)
00:03:03.463 -> (3.3186705112, 3.2453567981, 3.3088953495, 3.2893450260, 3.3382208347, 3.3137829303)
00:03:03.914 -> (3.3235580921, 3.2355816364, 3.3137829303, 3.3040077686, 3.3284456729, 3.3088953495)
00:03:04.365 -> (3.3137829303, 3.2062561511, 3.3186705112, 3.2893450260, 3.3040077686, 3.3137829303)
00:03:04.815 -> (3.3186705112, 3.2160313129, 3.3186705112, 3.2942326068, 3.3137829303, 3.3137829303)
00:03:05.266 -> (3.3186705112, 3.1964809894, 3.3040077686, 3.2942326068, 3.3040077686, 3.3137829303)
00:03:05.716 -> (3.3235580921, 3.1867058277, 3.3088953495, 3.2942326068, 3.2991201877, 3.3186705112)
00:03:06.168 -> (3.3186705112, 3.1818182468, 3.3088953495, 3.2893450260, 3.2942326068, 3.3137829303)
00:03:06.618 -> (3.3186705112, 3.1769306659, 3.3040077686, 3.2893450260, 3.2893450260, 3.3137829303)
00:03:07.069 -> (3.3137829303, 3.1524927616, 3.3040077686, 3.2893450260, 3.2795698642, 3.3088953495)
00:03:07.520 -> (3.3186705112, 3.1622679233, 3.2893450260, 3.2942326068, 3.2649071216, 3.3088953495)
00:03:07.970 -> (3.3088953495, 3.1818182468, 3.2893450260, 3.2893450260, 3.2893450260, 3.3088953495)
00:03:08.421 -> (3.3040077686, 3.1964809894, 3.2991201877, 3.2844574451, 3.2942326068, 3.3040077686)
00:03:08.871 -> (3.3088953495, 3.2013685703, 3.2991201877, 3.2893450260, 3.3040077686, 3.3088953495)
00:03:09.322 -> (3.3088953495, 3.2013685703, 3.3040077686, 3.2844574451, 3.3088953495, 3.2991201877)
00:03:09.772 -> (3.3088953495, 3.2062561511, 3.3040077686, 3.2893450260, 3.3137829303, 3.3137829303)
00:03:10.223 -> (3.3186705112, 3.2404692173, 3.3040077686, 3.2942326068, 3.3333332538, 3.3137829303)
00:03:10.674 -> (3.3235580921, 3.2306940555, 3.3186705112, 3.2942326068, 3.3382208347, 3.3137829303)
00:03:11.125 -> (3.3284456729, 3.2013685703, 3.3333332538, 3.2942326068, 3.3186705112, 3.3186705112)
00:03:11.576 -> (3.3137829303, 3.2013685703, 3.3088953495, 3.2893450260, 3.3137829303, 3.3186705112)
00:03:12.026 -> (3.3235580921, 3.1964809894, 3.3137829303, 3.2991201877, 3.3040077686, 3.3137829303)
00:03:12.477 -> (3.3137829303, 3.1818182468, 3.3088953495, 3.2893450260, 3.2991201877, 3.3186705112)
00:03:12.927 -> (3.3186705112, 3.1867058277, 3.3040077686, 3.2893450260, 3.2991201877, 3.3137829303)
00:03:13.378 -> (3.3186705112, 3.1622679233, 3.3088953495, 3.2893450260, 3.2795698642, 3.3137829303)
00:03:13.828 -> (3.3088953495, 3.1671555042, 3.2893450260, 3.2893450260, 3.2795698642, 3.3040077686)
00:03:14.279 -> (3.3040077686, 3.1915934085, 3.3186705112, 3.2893450260, 3.2746822834, 3.2844574451)
00:03:14.729 -> (3.3088953495, 3.1867058277, 3.3088953495, 3.2893450260, 3.2942326068, 3.3088953495)
00:03:15.181 -> (3.3088953495, 3.2013685703, 3.2991201877, 3.2893450260, 3.2991201877, 3.3088953495)
00:03:15.632 -> (3.3088953495, 3.2111437320, 3.3040077686, 3.2844574451, 3.3040077686, 3.3088953495)
00:03:16.082 -> (3.3137829303, 3.2160313129, 3.2991201877, 3.2893450260, 3.3088953495, 3.3088953495)
00:03:16.533 -> (3.3088953495, 3.2404692173, 3.2893450260, 3.2991201877, 3.3284456729, 3.3088953495)
00:03:16.983 -> (3.3235580921, 3.2502443790, 3.3040077686, 3.2991201877, 3.3333332538, 3.3186705112)
00:03:17.434 -> (3.3235580921, 3.2502443790, 3.3186705112, 3.3088953495, 3.3431084156, 3.3235580921)
00:03:17.884 -> (3.3088953495, 3.2306940555, 3.2942326068, 3.2844574451, 3.3284456729, 3.3186705112)
00:03:18.335 -> (3.3137829303, 3.2062561511, 3.3040077686, 3.2991201877, 3.3137829303, 3.3186705112)
00:03:18.786 -> (3.3186705112, 3.1964809894, 3.3040077686, 3.2942326068, 3.3040077686, 3.3137829303)
00:03:19.237 -> (3.3235580921, 3.1915934085, 3.3088953495, 3.2942326068, 3.2991201877, 3.3137829303)
00:03:19.688 -> (3.3235580921, 3.1867058277, 3.3040077686, 3.2942326068, 3.2942326068, 3.3137829303)
00:03:20.138 -> (3.3137829303, 3.1867058277, 3.3088953495, 3.2893450260, 3.2844574451, 3.3137829303)
00:03:20.589 -> (3.3088953495, 3.1622679233, 3.3040077686, 3.2893450260, 3.2795698642, 3.3088953495)
00:03:21.039 -> (3.3088953495, 3.1671555042, 3.2795698642, 3.2795698642, 3.2746822834, 3.3137829303)
00:03:21.490 -> (3.2991201877, 3.1915934085, 3.3088953495, 3.2697947025, 3.2991201877, 3.3040077686)
00:03:21.940 -> (3.3040077686, 3.2013685703, 3.3040077686, 3.2844574451, 3.2991201877, 3.3040077686)
00:03:22.391 -> (3.3088953495, 3.2111437320, 3.2991201877, 3.2893450260, 3.2991201877, 3.3137829303)
00:03:22.842 -> (3.3137829303, 3.2160313129, 3.3040077686, 3.2844574451, 3.3088953495, 3.3088953495)
00:03:23.292 -> (3.3137829303, 3.2209188938, 3.3040077686, 3.2893450260, 3.3137829303, 3.3137829303)
00:03:23.744 -> (3.3137829303, 3.2551319599, 3.3235580921, 3.2942326068, 3.3382208347, 3.3137829303)
00:03:24.194 -> (3.3186705112, 3.2453567981, 3.3186705112, 3.2991201877, 3.3431084156, 3.3137829303)
00:03:24.645 -> (3.3137829303, 3.2306940555, 3.3040077686, 3.2991201877, 3.3235580921, 3.3088953495)
00:03:25.095 -> (3.3088953495, 3.2160313129, 3.3088953495, 3.2991201877, 3.3235580921, 3.3186705112)
00:03:25.546 -> (3.3137829303, 3.2013685703, 3.3088953495, 3.2991201877, 3.3137829303, 3.3137829303)
00:03:25.997 -> (3.3186705112, 3.1915934085, 3.3088953495, 3.2893450260, 3.3137829303, 3.3186705112)
00:03:26.447 -> (3.3137829303, 3.1964809894, 3.3088953495, 3.2942326068, 3.3040077686, 3.3137829303)
00:03:26.898 -> (3.3186705112, 3.1964809894, 3.3040077686, 3.2893450260, 3.3040077686, 3.3137829303)
00:03:27.348 -> (3.3088953495, 3.1769306659, 3.2942326068, 3.2844574451, 3.2844574451, 3.3040077686)
00:03:27.799 -> (3.3186705112, 3.1769306659, 3.2991201877, 3.2844574451, 3.2893450260, 3.3088953495)
00:03:28.250 -> (3.3040077686, 3.1867058277, 3.3186705112, 3.2893450260, 3.2942326068, 3.3137829303)
00:03:28.701 -> (3.3088953495, 3.2013685703, 3.3040077686, 3.2844574451, 3.2893450260, 3.3040077686)
00:03:29.152 -> (3.3040077686, 3.2111437320, 3.3040077686, 3.2844574451, 3.3040077686, 3.3088953495)
00:03:29.602 -> (3.3088953495, 3.2160313129, 3.2991201877, 3.2795698642, 3.3088953495, 3.3040077686)
00:03:30.053 -> (3.3088953495, 3.2209188938, 3.2991201877, 3.2942326068, 3.3137829303, 3.3088953495)
00:03:30.503 -> (3.3088953495, 3.2258064746, 3.3088953495, 3.2893450260, 3.3235580921, 3.3088953495)
00:03:30.954 -> (3.3137829303, 3.2600195407, 3.3088953495, 3.2942326068, 3.3431084156, 3.3186705112)
00:03:31.404 -> (3.3186705112, 3.2453567981, 3.3137829303, 3.2942326068, 3.3382208347, 3.3186705112)
00:03:31.855 -> (3.3088953495, 3.2258064746, 3.2991201877, 3.2844574451, 3.3333332538, 3.3235580921)
00:03:32.306 -> (3.3186705112, 3.2160313129, 3.3137829303, 3.2991201877, 3.3284456729, 3.3137829303)
00:03:32.757 -> (3.3137829303, 3.2013685703, 3.3088953495, 3.2942326068, 3.3186705112, 3.3137829303)
00:03:33.208 -> (3.3186705112, 3.2013685703, 3.3137829303, 3.2942326068, 3.3137829303, 3.3235580921)
00:03:33.658 -> (3.3137829303, 3.1915934085, 3.3137829303, 3.2942326068, 3.3088953495, 3.3137829303)
00:03:34.109 -> (3.3186705112, 3.1964809894, 3.3040077686, 3.2942326068, 3.3040077686, 3.3137829303)
00:03:34.559 -> (3.3040077686, 3.1769306659, 3.2942326068, 3.2942326068, 3.2942326068, 3.3040077686)
00:03:35.010 -> (3.3088953495, 3.1720430850, 3.2991201877, 3.2844574451, 3.2893450260, 3.3088953495)
00:03:35.460 -> (3.3040077686, 3.1818182468, 3.2746822834, 3.2893450260, 3.3040077686, 3.3088953495)
00:03:35.911 -> (3.2991201877, 3.2062561511, 3.3088953495, 3.2746822834, 3.3040077686, 3.3040077686)
00:03:36.361 -> (3.3088953495, 3.2160313129, 3.2942326068, 3.2844574451, 3.3088953495, 3.3040077686)
00:03:36.813 -> (3.3040077686, 3.2160313129, 3.2942326068, 3.2893450260, 3.3137829303, 3.3088953495)
00:03:37.264 -> (3.3088953495, 3.2111437320, 3.2991201877, 3.2893450260, 3.3186705112, 3.3088953495)
00:03:37.714 -> (3.3088953495, 3.2258064746, 3.2942326068, 3.2893450260, 3.3186705112, 3.3088953495)
00:03:38.165 -> (3.3040077686, 3.2404692173, 3.3137829303, 3.2991201877, 3.3382208347, 3.3137829303)
00:03:38.615 -> (3.3235580921, 3.2551319599, 3.3040077686, 3.2893450260, 3.3382208347, 3.3137829303)
00:03:39.066 -> (3.3186705112, 3.2404692173, 3.3137829303, 3.3040077686, 3.3479959964, 3.3186705112)
00:03:39.516 -> (3.3186705112, 3.2355816364, 3.2893450260, 3.2893450260, 3.3528835773, 3.3235580921)
00:03:39.967 -> (3.3088953495, 3.2111437320, 3.3040077686, 3.2991201877, 3.3382208347, 3.3137829303)
00:03:40.418 -> (3.3186705112, 3.2160313129, 3.2942326068, 3.2991201877, 3.3235580921, 3.3137829303)
00:03:40.869 -> (3.3137829303, 3.2062561511, 3.3137829303, 3.2991201877, 3.3235580921, 3.3186705112)
00:03:41.320 -> (3.3186705112, 3.2013685703, 3.3088953495, 3.2893450260, 3.3137829303, 3.3137829303)
00:03:41.770 -> (3.3235580921, 3.1964809894, 3.3088953495, 3.2893450260, 3.3137829303, 3.3235580921)
00:03:42.221 -> (3.3137829303, 3.1867058277, 3.3040077686, 3.2942326068, 3.3088953495, 3.3186705112)
00:03:42.671 -> (3.3137829303, 3.1964809894, 3.3088953495, 3.2893450260, 3.3088953495, 3.3186705112)
00:03:43.122 -> (3.3137829303, 3.1769306659, 3.3040077686, 3.2942326068, 3.2942326068, 3.3088953495)
00:03:43.572 -> (3.3088953495, 3.1818182468, 3.3040077686, 3.2844574451, 3.2893450260, 3.3088953495)
00:03:44.023 -> (3.3088953495, 3.1720430850, 3.2991201877, 3.2795698642, 3.2893450260, 3.3137829303)
00:03:44.474 -> (3.3137829303, 3.1915934085, 3.3333332538, 3.3040077686, 3.2844574451, 3.2942326068)
00:03:44.925 -> (3.3137829303, 3.1915934085, 3.3040077686, 3.2991201877, 3.2942326068, 3.3088953495)
00:03:45.376 -> (3.2991201877, 3.2013685703, 3.3040077686, 3.2795698642, 3.3040077686, 3.3040077686)
00:03:45.826 -> (3.3088953495, 3.2111437320, 3.2991201877, 3.2844574451, 3.3040077686, 3.3088953495)
00:03:46.277 -> (3.3088953495, 3.2160313129, 3.2991201877, 3.2893450260, 3.3137829303, 3.3088953495)
00:03:46.727 -> (3.3040077686, 3.2111437320, 3.2942326068, 3.2893450260, 3.3088953495, 3.3137829303)
00:03:47.178 -> (3.3137829303, 3.2209188938, 3.3040077686, 3.2844574451, 3.3186705112, 3.3137829303)
00:03:47.629 -> (3.3088953495, 3.2209188938, 3.3088953495, 3.2795698642, 3.3284456729, 3.3088953495)
00:03:48.079 -> (3.3137829303, 3.2453567981, 3.3137829303, 3.2991201877, 3.3333332538, 3.3186705112)
00:03:48.530 -> (3.3137829303, 3.2404692173, 3.3235580921, 3.2942326068, 3.3431084156, 3.3186705112)
00:03:48.980 -> (3.3088953495, 3.2453567981, 3.3040077686, 3.2942326068, 3.3382208347, 3.3235580921)
00:03:49.432 -> (3.3333332538, 3.2404692173, 3.3137829303, 3.2893450260, 3.3382208347, 3.3235580921)
00:03:49.882 -> (3.3137829303, 3.2209188938, 3.3088953495, 3.2942326068, 3.3088953495, 3.3235580921)
00:03:50.333 -> (3.3235580921, 3.2160313129, 3.3088953495, 3.2942326068, 3.3137829303, 3.3137829303)
00:03:50.784 -> (3.3186705112, 3.1964809894, 3.3040077686, 3.2942326068, 3.3137829303, 3.3137829303)
00:03:51.234 -> (3.3235580921, 3.2013685703, 3.3088953495, 3.2942326068, 3.3088953495, 3.3186705112)
00:03:51.685 -> (3.3186705112, 3.1964809894, 3.3088953495, 3.2893450260, 3.3088953495, 3.3186705112)
00:03:52.135 -> (3.3186705112, 3.1915934085, 3.3088953495, 3.2942326068, 3.3040077686, 3.3137829303)
00:03:52.586 -> (3.3137829303, 3.1964809894, 3.3088953495, 3.2893450260, 3.3040077686, 3.3137829303)
00:03:53.036 -> (3.3235580921, 3.1720430850, 3.2991201877, 3.2893450260, 3.2893450260, 3.3137829303)
00:03:53.488 -> (3.3137829303, 3.1769306659, 3.2991201877, 3.2893450260, 3.2893450260, 3.3088953495)
00:03:53.938 -> (3.3040077686, 3.1720430850, 3.2942326068, 3.2893450260, 3.2844574451, 3.3137829303)
00:03:54.389 -> (3.3088953495, 3.1818182468, 3.3235580921, 3.2942326068, 3.3137829303, 3.3088953495)
00:03:54.840 -> (3.2991201877, 3.1720430850, 3.3040077686, 3.2844574451, 3.3088953495, 3.3088953495)
00:03:55.290 -> (3.3186705112, 3.1964809894, 3.2991201877, 3.2844574451, 3.3088953495, 3.3088953495)
00:03:55.741 -> (3.3088953495, 3.2062561511, 3.2991201877, 3.2893450260, 3.3088953495, 3.3088953495)
00:03:56.191 -> (3.3088953495, 3.2013685703, 3.3040077686, 3.2844574451, 3.3137829303, 3.3137829303)
00:03:56.642 -> (3.3088953495, 3.2111437320, 3.3088953495, 3.2844574451, 3.3186705112, 3.3088953495)
00:03:57.092 -> (3.3088953495, 3.2160313129, 3.2991201877, 3.2893450260, 3.3235580921, 3.3088953495)
00:03:57.543 -> (3.3137829303, 3.2209188938, 3.3235580921, 3.2844574451, 3.3382208347, 3.3137829303)
00:03:57.995 -> (3.3284456729, 3.2600195407, 3.3186705112, 3.2942326068, 3.3382208347, 3.3186705112)
00:03:58.445 -> (3.3333332538, 3.2502443790, 3.3088953495, 3.2942326068, 3.3431084156, 3.3186705112)
00:03:58.896 -> (3.3284456729, 3.2551319599, 3.3137829303, 3.3186705112, 3.3528835773, 3.3088953495)
00:03:59.346 -> (3.3137829303, 3.2404692173, 3.3431084156, 3.2991201877, 3.3235580921, 3.3088953495)
00:03:59.797 -> (3.3333332538, 3.2258064746, 3.3137829303, 3.2991201877, 3.3333332538, 3.3186705112)
00:04:00.247 -> (3.3235580921, 3.2111437320, 3.3137829303, 3.2942326068, 3.3186705112, 3.3235580921)
00:04:00.698 -> (3.3235580921, 3.2062561511, 3.3137829303, 3.2942326068, 3.3186705112, 3.3186705112)
00:04:01.148 -> (3.3235580921, 3.1964809894, 3.3137829303, 3.2942326068, 3.3137829303, 3.3186705112)
00:04:01.600 -> (3.3235580921, 3.1915934085, 3.3088953495, 3.2942326068, 3.3137829303, 3.3186705112)
00:04:02.051 -> (3.3284456729, 3.1867058277, 3.3040077686, 3.2942326068, 3.3088953495, 3.3137829303)
00:04:02.501 -> (3.3235580921, 3.1964809894, 3.3088953495, 3.2942326068, 3.2991201877, 3.3137829303)
00:04:02.952 -> (3.3186705112, 3.1720430850, 3.3040077686, 3.2844574451, 3.2942326068, 3.3186705112)
00:04:03.402 -> (3.3186705112, 3.1720430850, 3.3040077686, 3.2844574451, 3.2893450260, 3.3040077686)
00:04:03.853 -> (3.3137829303, 3.1720430850, 3.3040077686, 3.2844574451, 3.2942326068, 3.3137829303)
00:04:04.303 -> (3.3186705112, 3.1769306659, 3.2649071216, 3.2991201877, 3.2991201877, 3.3088953495)
00:04:04.754 -> (3.2991201877, 3.1867058277, 3.2991201877, 3.2893450260, 3.3040077686, 3.3088953495)
00:04:05.204 -> (3.3137829303, 3.2062561511, 3.2942326068, 3.2844574451, 3.3088953495, 3.3088953495)
00:04:05.655 -> (3.3137829303, 3.2111437320, 3.2991201877, 3.2844574451, 3.3137829303, 3.3088953495)
00:04:06.106 -> (3.3186705112, 3.2160313129, 3.2991201877, 3.2893450260, 3.3137829303, 3.3088953495)
00:04:06.557 -> (3.3186705112, 3.2209188938, 3.2991201877, 3.2942326068, 3.3186705112, 3.3137829303)
00:04:07.008 -> (3.3186705112, 3.2160313129, 3.3137829303, 3.2893450260, 3.3235580921, 3.3137829303)
00:04:07.458 -> (3.3284456729, 3.2404692173, 3.2942326068, 3.2942326068, 3.3479959964, 3.3235580921)
00:04:07.909 -> (3.3284456729, 3.2502443790, 3.3186705112, 3.2893450260, 3.3528835773, 3.3235580921)
00:04:08.359 -> (3.3333332538, 3.2355816364, 3.3186705112, 3.2942326068, 3.3431084156, 3.3235580921)
00:04:08.810 -> (3.3235580921, 3.2502443790, 3.2893450260, 3.2844574451, 3.3333332538, 3.3235580921)
00:04:09.261 -> (3.3186705112, 3.2355816364, 3.3333332538, 3.3040077686, 3.3382208347, 3.3186705112)
00:04:09.711 -> (3.3235580921, 3.2111437320, 3.3235580921, 3.2991201877, 3.3235580921, 3.3186705112)
00:04:10.162 -> (3.3235580921, 3.2062561511, 3.3088953495, 3.2942326068, 3.3186705112, 3.3186705112)
00:04:10.613 -> (3.3235580921, 3.2062561511, 3.3040077686, 3.2991201877, 3.3186705112, 3.3186705112)
00:04:11.064 -> (3.3235580921, 3.1964809894, 3.3088953495, 3.2893450260, 3.3137829303, 3.3186705112)
00:04:11.514 -> (3.3284456729, 3.1964809894, 3.3088953495, 3.2893450260, 3.3088953495, 3.3186705112)
00:04:11.965 -> (3.3186705112, 3.1964809894, 3.3040077686, 3.2893450260, 3.3137829303, 3.3137829303)
00:04:12.416 -> (3.3235580921, 3.1720430850, 3.2991201877, 3.2893450260, 3.2942326068, 3.3137829303)
00:04:12.866 -> (3.3137829303, 3.1720430850, 3.3040077686, 3.2893450260, 3.2991201877, 3.3088953495)
00:04:13.317 -> (3.3186705112, 3.1818182468, 3.2844574451, 3.2893450260, 3.3088953495, 3.3088953495)
00:04:13.767 -> (3.3137829303, 3.1867058277, 3.2649071216, 3.2991201877, 3.2942326068, 3.3040077686)
00:04:14.218 -> (3.3137829303, 3.2013685703, 3.2893450260, 3.2893450260, 3.3088953495, 3.3040077686)
00:04:14.668 -> (3.3137829303, 3.2111437320, 3.3040077686, 3.2795698642, 3.3137829303, 3.3088953495)
00:04:15.120 -> (3.3137829303, 3.2111437320, 3.3040077686, 3.2893450260, 3.3186705112, 3.3040077686)
00:04:15.570 -> (3.3186705112, 3.2111437320, 3.3040077686, 3.2844574451, 3.3235580921, 3.3088953495)
00:04:16.021 -> (3.3137829303, 3.2209188938, 3.2991201877, 3.2942326068, 3.3235580921, 3.3137829303)
00:04:16.472 -> (3.3186705112, 3.2209188938, 3.3088953495, 3.2893450260, 3.3333332538, 3.3186705112)
00:04:16.922 -> (3.3137829303, 3.2502443790, 3.3137829303, 3.2942326068, 3.3479959964, 3.3137829303)
00:04:17.373 -> (3.3235580921, 3.2551319599, 3.3088953495, 3.2942326068, 3.3528835773, 3.3235580921)
00:04:17.823 -> (3.3235580921, 3.2453567981, 3.3088953495, 3.2991201877, 3.3479959964, 3.3137829303)
00:04:18.274 -> (3.3284456729, 3.2209188938, 3.3431084156, 3.2991201877, 3.3479959964, 3.3235580921)
00:04:18.724 -> (3.3284456729, 3.2209188938, 3.3137829303, 3.2893450260, 3.3333332538, 3.3235580921)
00:04:19.176 -> (3.3235580921, 3.2062561511, 3.3186705112, 3.2893450260, 3.3284456729, 3.3186705112)
00:04:19.627 -> (3.3235580921, 3.2013685703, 3.3088953495, 3.2893450260, 3.3235580921, 3.3186705112)
00:04:20.077 -> (3.3235580921, 3.2013685703, 3.3088953495, 3.2942326068, 3.3186705112, 3.3186705112)
00:04:20.528 -> (3.3284456729, 3.1915934085, 3.3088953495, 3.2942326068, 3.3137829303, 3.3186705112)
00:04:20.978 -> (3.3235580921, 3.1915934085, 3.3040077686, 3.2942326068, 3.3137829303, 3.3186705112)
00:04:21.429 -> (3.3284456729, 3.1818182468, 3.3040077686, 3.2844574451, 3.2991201877, 3.3088953495)
00:04:21.879 -> (3.3186705112, 3.1720430850, 3.3040077686, 3.2844574451, 3.2991201877, 3.3137829303)
00:04:22.330 -> (3.3186705112, 3.1671555042, 3.2795698642, 3.2746822834, 3.2893450260, 3.3137829303)
00:04:22.780 -> (3.3235580921, 3.1720430850, 3.2697947025, 3.2844574451, 3.3137829303, 3.3137829303)
00:04:23.232 -> (3.3040077686, 3.2013685703, 3.2991201877, 3.2746822834, 3.3137829303, 3.3088953495)
00:04:23.683 -> (3.3186705112, 3.2111437320, 3.3040077686, 3.2893450260, 3.3137829303, 3.3088953495)
00:04:24.133 -> (3.3137829303, 3.2111437320, 3.2991201877, 3.2844574451, 3.3186705112, 3.3088953495)
00:04:24.584 -> (3.3186705112, 3.2160313129, 3.3040077686, 3.2844574451, 3.3235580921, 3.3040077686)
00:04:25.034 -> (3.3137829303, 3.2209188938, 3.3040077686, 3.2844574451, 3.3333332538, 3.3088953495)
00:04:25.485 -> (3.3284456729, 3.2404692173, 3.3088953495, 3.2942326068, 3.3431084156, 3.3137829303)
00:04:25.935 -> (3.3284456729, 3.2502443790, 3.3040077686, 3.3040077686, 3.3528835773, 3.3235580921)
00:04:26.386 -> (3.3284456729, 3.2453567981, 3.3088953495, 3.2991201877, 3.3577711582, 3.3284456729)
00:04:26.836 -> (3.3382208347, 3.2258064746, 3.2746822834, 3.2942326068, 3.3431084156, 3.3235580921)
00:04:27.287 -> (3.3235580921, 3.2111437320, 3.2942326068, 3.2942326068, 3.3382208347, 3.3186705112)
00:04:27.739 -> (3.3235580921, 3.2111437320, 3.3137829303, 3.2942326068, 3.3235580921, 3.3235580921)
00:04:28.189 -> (3.3235580921, 3.2013685703, 3.3137829303, 3.2942326068, 3.3186705112, 3.3235580921)
00:04:28.640 -> (3.3235580921, 3.1915934085, 3.3088953495, 3.2942326068, 3.3186705112, 3.3186705112)
00:04:29.090 -> (3.3284456729, 3.1818182468, 3.3088953495, 3.2942326068, 3.3137829303, 3.3235580921)
00:04:29.541 -> (3.3186705112, 3.1964809894, 3.3040077686, 3.2893450260, 3.3137829303, 3.3137829303)
00:04:29.991 -> (3.3235580921, 3.1720430850, 3.2991201877, 3.2844574451, 3.2991201877, 3.3088953495)
00:04:30.442 -> (3.3186705112, 3.1769306659, 3.2991201877, 3.2844574451, 3.2942326068, 3.3137829303)
00:04:30.893 -> (3.3040077686, 3.1818182468, 3.3186705112, 3.2697947025, 3.3137829303, 3.3040077686)
00:04:31.343 -> (3.3137829303, 3.1915934085, 3.3040077686, 3.2844574451, 3.3137829303, 3.2991201877)
00:04:31.795 -> (3.3137829303, 3.2062561511, 3.2991201877, 3.2844574451, 3.3137829303, 3.3088953495)
00:04:32.245 -> (3.3137829303, 3.2062561511, 3.3040077686, 3.2844574451, 3.3186705112, 3.3088953495)
00:04:32.696 -> (3.3186705112, 3.2160313129, 3.3040077686, 3.2893450260, 3.3186705112, 3.3088953495)
00:04:33.146 -> (3.3186705112, 3.2111437320, 3.3040077686, 3.2893450260, 3.3284456729, 3.3186705112)
00:04:33.597 -> (3.3235580921, 3.2160313129, 3.2991201877, 3.2942326068, 3.3431084156, 3.3137829303)
00:04:34.048 -> (3.3235580921, 3.2551319599, 3.3088953495, 3.2991201877, 3.3479959964, 3.3088953495)
00:04:34.498 -> (3.3284456729, 3.2551319599, 3.3088953495, 3.2942326068, 3.3479959964, 3.3186705112)
00:04:34.949 -> (3.3235580921, 3.2258064746, 3.2942326068, 3.3040077686, 3.3382208347, 3.3186705112)
00:04:35.399 -> (3.3284456729, 3.2160313129, 3.2991201877, 3.2991201877, 3.3284456729, 3.3235580921)
00:04:35.851 -> (3.3284456729, 3.2062561511, 3.3088953495, 3.2942326068, 3.3235580921, 3.3186705112)
00:04:36.301 -> (3.3284456729, 3.1964809894, 3.3040077686, 3.2991201877, 3.3235580921, 3.3186705112)
00:04:36.752 -> (3.3235580921, 3.1915934085, 3.3088953495, 3.2942326068, 3.3137829303, 3.3235580921)
00:04:37.202 -> (3.3235580921, 3.1818182468, 3.3040077686, 3.2942326068, 3.3137829303, 3.3186705112)
00:04:37.653 -> (3.3235580921, 3.1867058277, 3.2991201877, 3.2844574451, 3.3040077686, 3.3137829303)
00:04:38.104 -> (3.3137829303, 3.1573803424, 3.3040077686, 3.2844574451, 3.2991201877, 3.3088953495)
00:04:38.554 -> (3.3137829303, 3.1622679233, 3.2991201877, 3.2844574451, 3.3040077686, 3.3040077686)
00:04:39.005 -> (3.3040077686, 3.1818182468, 3.3186705112, 3.2991201877, 3.2893450260, 3.2991201877)
00:04:39.455 -> (3.3137829303, 3.2013685703, 3.3088953495, 3.2844574451, 3.3088953495, 3.3088953495)
00:04:39.907 -> (3.3137829303, 3.2062561511, 3.3040077686, 3.2893450260, 3.3137829303, 3.3088953495)
00:04:40.357 -> (3.3137829303, 3.2013685703, 3.2991201877, 3.2844574451, 3.3235580921, 3.3137829303)
00:04:40.808 -> (3.3235580921, 3.2062561511, 3.3088953495, 3.2844574451, 3.3235580921, 3.3137829303)
00:04:41.259 -> (3.3186705112, 3.2160313129, 3.3040077686, 3.2844574451, 3.3333332538, 3.3186705112)
00:04:41.709 -> (3.3235580921, 3.2502443790, 3.3137829303, 3.2893450260, 3.3528835773, 3.3186705112)
00:04:42.160 -> (3.3284456729, 3.2404692173, 3.3137829303, 3.2991201877, 3.3528835773, 3.3186705112)
00:04:42.610 -> (3.3284456729, 3.2209188938, 3.3333332538, 3.3040077686, 3.3284456729, 3.3137829303)
00:04:43.061 -> (3.3235580921, 3.2160313129, 3.3088953495, 3.2893450260, 3.3333332538, 3.3186705112)
00:04:43.512 -> (3.3284456729, 3.2013685703, 3.3088953495, 3.2991201877, 3.3235580921, 3.3235580921)
00:04:43.963 -> (3.3235580921, 3.2013685703, 3.3088953495, 3.2942326068, 3.3186705112, 3.3186705112)
00:04:44.413 -> (3.3284456729, 3.1915934085, 3.3088953495, 3.2942326068, 3.3137829303, 3.3186705112)
00:04:44.864 -> (3.3235580921, 3.1964809894, 3.3088953495, 3.2893450260, 3.3137829303, 3.3186705112)
00:04:45.315 -> (3.3186705112, 3.1671555042, 3.2942326068, 3.2893450260, 3.2991201877, 3.3186705112)
00:04:45.765 -> (3.3186705112, 3.1818182468, 3.3040077686, 3.2893450260, 3.2991201877, 3.3088953495)
00:04:46.216 -> (3.3088953495, 3.1867058277, 3.2844574451, 3.2697947025, 3.2991201877, 3.3040077686)
00:04:46.666 -> (3.3137829303, 3.2013685703, 3.3137829303, 3.2942326068, 3.3088953495, 3.3088953495)
00:04:47.118 -> (3.3137829303, 3.2111437320, 3.2991201877, 3.2893450260, 3.3186705112, 3.2991201877)
00:04:47.568 -> (3.3186705112, 3.2111437320, 3.2942326068, 3.2893450260, 3.3235580921, 3.3137829303)
00:04:48.019 -> (3.3186705112, 3.2160313129, 3.3088953495, 3.2844574451, 3.3235580921, 3.3137829303)
00:04:48.470 -> (3.3186705112, 3.2209188938, 3.2991201877, 3.2893450260, 3.3333332538, 3.3186705112)
00:04:48.920 -> (3.3235580921, 3.2551319599, 3.3137829303, 3.2991201877, 3.3479959964, 3.3137829303)
00:04:49.371 -> (3.3284456729, 3.2600195407, 3.3235580921, 3.2893450260, 3.3479959964, 3.3284456729)
00:04:49.821 -> (3.3284456729, 3.2502443790, 3.2893450260, 3.2991201877, 3.3382208347, 3.3235580921)
00:04:50.272 -> (3.3284456729, 3.2355816364, 3.3284456729, 3.2844574451, 3.3284456729, 3.3235580921)
00:04:50.722 -> (3.3186705112, 3.2209188938, 3.3088953495, 3.2942326068, 3.3235580921, 3.3186705112)
00:04:51.174 -> (3.3235580921, 3.2013685703, 3.3088953495, 3.2942326068, 3.3186705112, 3.3235580921)
00:04:51.624 -> (3.3284456729, 3.2013685703, 3.3088953495, 3.2991201877, 3.3137829303, 3.3186705112)
00:04:52.075 -> (3.3284456729, 3.1915934085, 3.3040077686, 3.2942326068, 3.3088953495, 3.3235580921)
00:04:52.526 -> (3.3284456729, 3.1915934085, 3.3088953495, 3.2844574451, 3.3088953495, 3.3186705112)
00:04:52.976 -> (3.3186705112, 3.1671555042, 3.3040077686, 3.2893450260, 3.2942326068, 3.3186705112)
00:04:53.427 -> (3.3186705112, 3.1671555042, 3.2942326068, 3.2893450260, 3.2844574451, 3.3137829303)
00:04:53.877 -> (3.3088953495, 3.1915934085, 3.3284456729, 3.2942326068, 3.2844574451, 3.2991201877)
00:04:54.328 -> (3.3235580921, 3.1769306659, 3.2746822834, 3.2844574451, 3.3088953495, 3.3137829303)
00:04:54.778 -> (3.3186705112, 3.2062561511, 3.2942326068, 3.2844574451, 3.3137829303, 3.3088953495)
00:04:55.230 -> (3.3088953495, 3.2111437320, 3.3040077686, 3.2893450260, 3.3137829303, 3.3137829303)
00:04:55.681 -> (3.3186705112, 3.2062561511, 3.2942326068, 3.2795698642, 3.3186705112, 3.3088953495)
00:04:56.131 -> (3.3137829303, 3.2160313129, 3.3040077686, 3.2844574451, 3.3186705112, 3.3088953495)
00:04:56.582 -> (3.3186705112, 3.2306940555, 3.2991201877, 3.2942326068, 3.3333332538, 3.3186705112)
00:04:57.032 -> (3.3186705112, 3.2600195407, 3.3137829303, 3.2942326068, 3.3431084156, 3.3186705112)
00:04:57.483 -> (3.3284456729, 3.2453567981, 3.3137829303, 3.3040077686, 3.3479959964, 3.3284456729)
00:04:57.933 -> (3.3382208347, 3.2502443790, 3.3137829303, 3.2942326068, 3.3333332538, 3.3088953495)
00:04:58.384 -> (3.3137829303, 3.2209188938, 3.2991201877, 3.2991201877, 3.3284456729, 3.3235580921)
00:04:58.834 -> (3.3284456729, 3.2062561511, 3.3088953495, 3.2893450260, 3.3186705112, 3.3186705112)
00:04:59.286 -> (3.3284456729, 3.2013685703, 3.3137829303, 3.2942326068, 3.3137829303, 3.3186705112)
00:04:59.737 -> (3.3284456729, 3.1915934085, 3.3088953495, 3.2893450260, 3.3088953495, 3.3235580921)
00:05:00.187 -> (3.3235580921, 3.1867058277, 3.3088953495, 3.2942326068, 3.3088953495, 3.3186705112)
00:05:00.638 -> (3.3235580921, 3.1915934085, 3.3088953495, 3.2893450260, 3.3040077686, 3.3235580921)
