00:00:00.016 -> (3.2795698642, 3.1769306659, 3.3235580921, 3.2942326068, 3.3137829303, 3.2649071216)
00:00:00.494 -> (3.2795698642, 3.1329424381, 3.3284456729, 3.3040077686, 3.2942326068, 3.2649071216)
00:00:00.945 -> (3.2746822834, 3.1378300189, 3.3235580921, 3.2893450260, 3.2893450260, 3.2697947025)
00:00:01.395 -> (3.2795698642, 3.1622679233, 3.3479959964, 3.3040077686, 3.3137829303, 3.2697947025)
00:00:01.846 -> (3.2746822834, 3.1720430850, 3.3235580921, 3.2893450260, 3.3088953495, 3.2649071216)
00:00:02.297 -> (3.2795698642, 3.1769306659, 3.3186705112, 3.2942326068, 3.3186705112, 3.2697947025)
00:00:02.748 -> (3.2649071216, 3.1818182468, 3.3186705112, 3.2942326068, 3.3235580921, 3.2697947025)
00:00:03.198 -> (3.2795698642, 3.1818182468, 3.3235580921, 3.2942326068, 3.3235580921, 3.2649071216)
00:00:03.649 -> (3.2844574451, 3.2111437320, 3.3284456729, 3.3088953495, 3.3382208347, 3.2746822834)
00:00:04.100 -> (3.2844574451, 3.2111437320, 3.3333332538, 3.3040077686, 3.3479959964, 3.2795698642)
00:00:04.550 -> (3.2942326068, 3.2062561511, 3.3528835773, 3.3040077686, 3.3284456729, 3.2795698642)
00:00:05.001 -> (3.2942326068, 3.1867058277, 3.3186705112, 3.3040077686, 3.3284456729, 3.2795698642)
00:00:05.451 -> (3.2844574451, 3.1867058277, 3.3284456729, 3.3088953495, 3.3284456729, 3.2697947025)
00:00:05.902 -> (3.2795698642, 3.1720430850, 3.3284456729, 3.3040077686, 3.3284456729, 3.2746822834)
00:00:06.352 -> (3.2795698642, 3.1573803424, 3.3284456729, 3.3040077686, 3.3186705112, 3.2746822834)
00:00:06.804 -> (3.2795698642, 3.1573803424, 3.3284456729, 3.3040077686, 3.3088953495, 3.2746822834)
00:00:07.255 -> (3.2795698642, 3.1378300189, 3.3284456729, 3.2942326068, 3.2991201877, 3.2649071216)
00:00:07.705 -> (3.2746822834, 3.1329424381, 3.3186705112, 3.2942326068, 3.2991201877, 3.2649071216)
00:00:08.156 -> (3.2697947025, 3.1280546188, 3.3284456729, 3.3088953495, 3.3235580921, 3.2649071216)
00:00:08.606 -> (3.2697947025, 3.1573803424, 3.3186705112, 3.2795698642, 3.3088953495, 3.2600195407)
00:00:09.057 -> (3.2746822834, 3.1769306659, 3.3186705112, 3.2991201877, 3.3137829303, 3.2600195407)
00:00:09.507 -> (3.2746822834, 3.1720430850, 3.3284456729, 3.2942326068, 3.3186705112, 3.2697947025)
00:00:09.958 -> (3.2795698642, 3.1769306659, 3.3284456729, 3.2942326068, 3.3186705112, 3.2697947025)
00:00:10.408 -> (3.2795698642, 3.1867058277, 3.3284456729, 3.2942326068, 3.3235580921, 3.2697947025)
00:00:10.859 -> (3.2795698642, 3.2160313129, 3.3333332538, 3.3088953495, 3.3284456729, 3.2746822834)
00:00:11.311 -> (3.2844574451, 3.2062561511, 3.3333332538, 3.2991201877, 3.3382208347, 3.2795698642)
00:00:11.761 -> (3.2893450260, 3.2013685703, 3.3577711582, 3.2942326068, 3.3333332538, 3.2697947025)
00:00:12.212 -> (3.2942326068, 3.1622679233, 3.3479959964, 3.3088953495, 3.3284456729, 3.2746822834)
00:00:12.662 -> (3.2893450260, 3.1671555042, 3.3333332538, 3.3040077686, 3.3235580921, 3.2746822834)
00:00:13.113 -> (3.2795698642, 3.1573803424, 3.3284456729, 3.3040077686, 3.3137829303, 3.2795698642)
00:00:13.563 -> (3.2844574451, 3.1524927616, 3.3284456729, 3.3040077686, 3.3137829303, 3.2697947025)
00:00:14.014 -> (3.2893450260, 3.1476051807, 3.3284456729, 3.3040077686, 3.3088953495, 3.2697947025)
00:00:14.465 -> (3.2844574451, 3.1573803424, 3.3284456729, 3.2991201877, 3.3040077686, 3.2746822834)
00:00:14.915 -> (3.2844574451, 3.1280546188, 3.3284456729, 3.2991201877, 3.2893450260, 3.2697947025)
00:00:15.367 -> (3.2746822834, 3.1427175998, 3.3235580921, 3.2942326068, 3.2893450260, 3.2697947025)
00:00:15.817 -> (3.2746822834, 3.1476051807, 3.2893450260, 3.2795698642, 3.2893450260, 3.2502443790)
00:00:16.268 -> (3.2746822834, 3.1427175998, 3.2991201877, 3.2942326068, 3.3040077686, 3.2746822834)
00:00:16.718 -> (3.2746822834, 3.1671555042, 3.3235580921, 3.2942326068, 3.3040077686, 3.2649071216)
00:00:17.169 -> (3.2746822834, 3.1671555042, 3.3186705112, 3.2942326068, 3.3137829303, 3.2649071216)
00:00:17.619 -> (3.2746822834, 3.1720430850, 3.3186705112, 3.2991201877, 3.3137829303, 3.2697947025)
00:00:18.070 -> (3.2795698642, 3.1818182468, 3.3235580921, 3.2991201877, 3.3235580921, 3.2746822834)
00:00:18.521 -> (3.2795698642, 3.1915934085, 3.3088953495, 3.2942326068, 3.3333332538, 3.2795698642)
00:00:18.971 -> (3.2795698642, 3.2209188938, 3.3284456729, 3.3040077686, 3.3382208347, 3.2795698642)
00:00:19.423 -> (3.2795698642, 3.1964809894, 3.3431084156, 3.3088953495, 3.3528835773, 3.2795698642)
00:00:19.873 -> (3.2893450260, 3.1964809894, 3.3235580921, 3.3040077686, 3.3284456729, 3.2600195407)
00:00:20.324 -> (3.2844574451, 3.1671555042, 3.3479959964, 3.3137829303, 3.3284456729, 3.2795698642)
00:00:20.774 -> (3.2893450260, 3.1671555042, 3.3333332538, 3.3040077686, 3.3235580921, 3.2795698642)
00:00:21.225 -> (3.2844574451, 3.1622679233, 3.3284456729, 3.2991201877, 3.3137829303, 3.2746822834)
00:00:21.676 -> (3.2844574451, 3.1573803424, 3.3333332538, 3.3040077686, 3.3186705112, 3.2746822834)
00:00:22.126 -> (3.2795698642, 3.1427175998, 3.3333332538, 3.3040077686, 3.3040077686, 3.2795698642)
00:00:22.577 -> (3.2844574451, 3.1524927616, 3.3235580921, 3.2991201877, 3.3088953495, 3.2795698642)
00:00:23.027 -> (3.2844574451, 3.1573803424, 3.3186705112, 3.2942326068, 3.3040077686, 3.2746822834)
00:00:23.479 -> (3.2746822834, 3.1378300189, 3.3235580921, 3.2991201877, 3.2942326068, 3.2649071216)
00:00:23.929 -> (3.2697947025, 3.1476051807, 3.3235580921, 3.2991201877, 3.2795698642, 3.2649071216)
00:00:24.380 -> (3.2551319599, 3.1769306659, 3.3186705112, 3.2893450260, 3.2893450260, 3.2600195407)
00:00:24.830 -> (3.2795698642, 3.1573803424, 3.3088953495, 3.2844574451, 3.3040077686, 3.2649071216)
00:00:25.281 -> (3.2746822834, 3.1769306659, 3.3186705112, 3.2942326068, 3.3088953495, 3.2746822834)
00:00:25.732 -> (3.2795698642, 3.1769306659, 3.3235580921, 3.2942326068, 3.3088953495, 3.2697947025)
00:00:26.182 -> (3.2697947025, 3.1769306659, 3.3235580921, 3.2991201877, 3.3235580921, 3.2746822834)
00:00:26.633 -> (3.2746822834, 3.1818182468, 3.3284456729, 3.3040077686, 3.3235580921, 3.2746822834)
00:00:27.083 -> (3.2746822834, 3.1867058277, 3.3186705112, 3.2942326068, 3.3431084156, 3.2746822834)
00:00:27.534 -> (3.2844574451, 3.2160313129, 3.3333332538, 3.3040077686, 3.3479959964, 3.2844574451)
00:00:27.985 -> (3.2893450260, 3.2062561511, 3.3333332538, 3.3040077686, 3.3479959964, 3.2844574451)
00:00:28.436 -> (3.2942326068, 3.2013685703, 3.3431084156, 3.3137829303, 3.3528835773, 3.2795698642)
00:00:28.887 -> (3.2697947025, 3.1867058277, 3.3431084156, 3.3088953495, 3.3382208347, 3.2795698642)
00:00:29.337 -> (3.2893450260, 3.1769306659, 3.3333332538, 3.2991201877, 3.3235580921, 3.2795698642)
00:00:29.788 -> (3.2844574451, 3.1573803424, 3.3284456729, 3.3040077686, 3.3235580921, 3.2746822834)
00:00:30.238 -> (3.2844574451, 3.1524927616, 3.3333332538, 3.3040077686, 3.3186705112, 3.2746822834)
00:00:30.689 -> (3.2795698642, 3.1524927616, 3.3284456729, 3.3040077686, 3.3186705112, 3.2795698642)
00:00:31.139 -> (3.2844574451, 3.1573803424, 3.3284456729, 3.3040077686, 3.3186705112, 3.2746822834)
00:00:31.590 -> (3.2795698642, 3.1524927616, 3.3284456729, 3.2942326068, 3.2991201877, 3.2795698642)
00:00:32.041 -> (3.2746822834, 3.1427175998, 3.3284456729, 3.2991201877, 3.2991201877, 3.2746822834)
00:00:32.492 -> (3.2795698642, 3.1427175998, 3.3088953495, 3.3088953495, 3.2893450260, 3.2795698642)
00:00:32.943 -> (3.2746822834, 3.1671555042, 3.3431084156, 3.3040077686, 3.3040077686, 3.2697947025)
00:00:33.393 -> (3.2746822834, 3.1720430850, 3.3186705112, 3.2942326068, 3.3088953495, 3.2746822834)
00:00:33.844 -> (3.2795698642, 3.1867058277, 3.3186705112, 3.2942326068, 3.3137829303, 3.2746822834)
00:00:34.294 -> (3.2746822834, 3.1818182468, 3.3235580921, 3.2942326068, 3.3235580921, 3.2746822834)
00:00:34.745 -> (3.2746822834, 3.1867058277, 3.3284456729, 3.2942326068, 3.3284456729, 3.2795698642)
00:00:35.195 -> (3.2746822834, 3.1867058277, 3.3235580921, 3.3040077686, 3.3284456729, 3.2795698642)
00:00:35.647 -> (3.2795698642, 3.2013685703, 3.3284456729, 3.2991201877, 3.3431084156, 3.2844574451)
00:00:36.098 -> (3.2697947025, 3.2160313129, 3.3333332538, 3.3088953495, 3.3479959964, 3.2844574451)
00:00:36.548 -> (3.2844574451, 3.2062561511, 3.3333332538, 3.3088953495, 3.3479959964, 3.2746822834)
00:00:36.999 -> (3.2697947025, 3.1818182468, 3.3040077686, 3.2844574451, 3.3382208347, 3.2795698642)
00:00:37.449 -> (3.2893450260, 3.1720430850, 3.3186705112, 3.3040077686, 3.3382208347, 3.2844574451)
00:00:37.900 -> (3.2746822834, 3.1720430850, 3.3284456729, 3.3088953495, 3.3284456729, 3.2844574451)
00:00:38.350 -> (3.2795698642, 3.1573803424, 3.3333332538, 3.3040077686, 3.3235580921, 3.2844574451)
00:00:38.801 -> (3.2795698642, 3.1622679233, 3.3284456729, 3.3040077686, 3.3235580921, 3.2893450260)
00:00:39.251 -> (3.2795698642, 3.1524927616, 3.3235580921, 3.3040077686, 3.3137829303, 3.2795698642)
00:00:39.702 -> (3.2746822834, 3.1622679233, 3.3284456729, 3.2991201877, 3.3137829303, 3.2844574451)
00:00:40.154 -> (3.2795698642, 3.1622679233, 3.3235580921, 3.3040077686, 3.3040077686, 3.2795698642)
00:00:40.604 -> (3.2697947025, 3.1476051807, 3.3235580921, 3.2942326068, 3.2991201877, 3.2697947025)
00:00:41.055 -> (3.2697947025, 3.1476051807, 3.3235580921, 3.2893450260, 3.2942326068, 3.2697947025)
00:00:41.505 -> (3.2649071216, 3.1476051807, 3.3040077686, 3.2795698642, 3.3137829303, 3.2795698642)
00:00:41.956 -> (3.2795698642, 3.1671555042, 3.3137829303, 3.2942326068, 3.3137829303, 3.2746822834)
00:00:42.406 -> (3.2795698642, 3.1867058277, 3.3235580921, 3.2942326068, 3.3186705112, 3.2795698642)
00:00:42.857 -> (3.2649071216, 3.1867058277, 3.3186705112, 3.2942326068, 3.3186705112, 3.2746822834)
00:00:43.308 -> (3.2746822834, 3.1818182468, 3.3186705112, 3.2942326068, 3.3235580921, 3.2697947025)
00:00:43.758 -> (3.2746822834, 3.1964809894, 3.3235580921, 3.2991201877, 3.3235580921, 3.2795698642)
00:00:44.210 -> (3.2746822834, 3.1915934085, 3.3284456729, 3.2991201877, 3.3284456729, 3.2795698642)
00:00:44.660 -> (3.2844574451, 3.2160313129, 3.3382208347, 3.2991201877, 3.3382208347, 3.2844574451)
00:00:45.111 -> (3.2844574451, 3.2209188938, 3.3284456729, 3.3040077686, 3.3528835773, 3.2844574451)
00:00:45.561 -> (3.2844574451, 3.2111437320, 3.3479959964, 3.3137829303, 3.3479959964, 3.2893450260)
00:00:46.012 -> (3.2844574451, 3.2160313129, 3.3137829303, 3.3040077686, 3.3431084156, 3.2893450260)
00:00:46.462 -> (3.2893450260, 3.1769306659, 3.3431084156, 3.3040077686, 3.3333332538, 3.2893450260)
00:00:46.913 -> (3.2746822834, 3.1818182468, 3.3431084156, 3.3040077686, 3.3284456729, 3.2795698642)
00:00:47.364 -> (3.2795698642, 3.1720430850, 3.3333332538, 3.3040077686, 3.3284456729, 3.2844574451)
00:00:47.814 -> (3.2844574451, 3.1720430850, 3.3333332538, 3.2991201877, 3.3235580921, 3.2844574451)
00:00:48.266 -> (3.2795698642, 3.1720430850, 3.3333332538, 3.2991201877, 3.3137829303, 3.2844574451)
00:00:48.716 -> (3.2795698642, 3.1573803424, 3.3284456729, 3.2991201877, 3.3137829303, 3.2844574451)
00:00:49.167 -> (3.2795698642, 3.1720430850, 3.3284456729, 3.3040077686, 3.3186705112, 3.2795698642)
00:00:49.617 -> (3.2746822834, 3.1476051807, 3.3235580921, 3.2942326068, 3.2991201877, 3.2746822834)
00:00:50.068 -> (3.2795698642, 3.1476051807, 3.3186705112, 3.2942326068, 3.2942326068, 3.2746822834)
00:00:50.519 -> (3.2697947025, 3.1329424381, 3.3186705112, 3.3040077686, 3.3137829303, 3.2697947025)
00:00:50.969 -> (3.2795698642, 3.1476051807, 3.3186705112, 3.2844574451, 3.3088953495, 3.2746822834)
00:00:51.420 -> (3.2746822834, 3.1573803424, 3.3137829303, 3.2942326068, 3.3137829303, 3.2697947025)
00:00:51.870 -> (3.2697947025, 3.1769306659, 3.3235580921, 3.2942326068, 3.3137829303, 3.2746822834)
00:00:52.322 -> (3.2746822834, 3.1818182468, 3.3284456729, 3.2893450260, 3.3235580921, 3.2795698642)
00:00:52.772 -> (3.2697947025, 3.1867058277, 3.3235580921, 3.2991201877, 3.3284456729, 3.2795698642)
00:00:53.223 -> (3.2746822834, 3.1867058277, 3.3333332538, 3.3040077686, 3.3333332538, 3.2844574451)
00:00:53.673 -> (3.2795698642, 3.2111437320, 3.3284456729, 3.3088953495, 3.3528835773, 3.2893450260)
00:00:54.124 -> (3.2893450260, 3.2160313129, 3.3382208347, 3.3088953495, 3.3528835773, 3.2893450260)
00:00:54.575 -> (3.2795698642, 3.2013685703, 3.3088953495, 3.3088953495, 3.3577711582, 3.2991201877)
00:00:55.025 -> (3.2991201877, 3.1720430850, 3.3235580921, 3.3040077686, 3.3479959964, 3.2795698642)
00:00:55.476 -> (3.2795698642, 3.1818182468, 3.3333332538, 3.3040077686, 3.3333332538, 3.2893450260)
00:00:55.927 -> (3.2795698642, 3.1622679233, 3.3333332538, 3.3040077686, 3.3284456729, 3.2893450260)
00:00:56.378 -> (3.2795698642, 3.1622679233, 3.3284456729, 3.3040077686, 3.3235580921, 3.2844574451)
00:00:56.828 -> (3.2844574451, 3.1622679233, 3.3284456729, 3.2991201877, 3.3186705112, 3.2844574451)
00:00:57.279 -> (3.2795698642, 3.1573803424, 3.3235580921, 3.2991201877, 3.3186705112, 3.2844574451)
00:00:57.730 -> (3.2795698642, 3.1329424381, 3.3284456729, 3.2942326068, 3.3040077686, 3.2795698642)
00:00:58.180 -> (3.2746822834, 3.1329424381, 3.3186705112, 3.2991201877, 3.3040077686, 3.2746822834)
00:00:58.631 -> (3.2746822834, 3.1427175998, 3.3284456729, 3.2942326068, 3.3040077686, 3.2844574451)
00:00:59.081 -> (3.2551319599, 3.1671555042, 3.3284456729, 3.2893450260, 3.3186705112, 3.2795698642)
00:00:59.532 -> (3.2697947025, 3.1524927616, 3.3382208347, 3.2893450260, 3.3137829303, 3.2746822834)
00:00:59.983 -> (3.2649071216, 3.1671555042, 3.3284456729, 3.2942326068, 3.3186705112, 3.2795698642)
00:01:00.434 -> (3.2697947025, 3.1769306659, 3.3235580921, 3.2942326068, 3.3235580921, 3.2795698642)
00:01:00.884 -> (3.2697947025, 3.1769306659, 3.3284456729, 3.2991201877, 3.3235580921, 3.2795698642)
00:01:01.335 -> (3.2746822834, 3.1818182468, 3.3186705112, 3.2991201877, 3.3333332538, 3.2844574451)
00:01:01.786 -> (3.2746822834, 3.1867058277, 3.3137829303, 3.2893450260, 3.3528835773, 3.2893450260)
00:01:02.236 -> (3.2844574451, 3.2111437320, 3.3431084156, 3.2991201877, 3.3577711582, 3.2893450260)
00:01:02.687 -> (3.2795698642, 3.2160313129, 3.3333332538, 3.3088953495, 3.3528835773, 3.2942326068)
00:01:03.137 -> (3.2746822834, 3.2013685703, 3.3431084156, 3.3186705112, 3.3479959964, 3.2942326068)
00:01:03.588 -> (3.2795698642, 3.1769306659, 3.3235580921, 3.2991201877, 3.3382208347, 3.2844574451)
00:01:04.039 -> (3.2844574451, 3.1818182468, 3.3431084156, 3.3088953495, 3.3333332538, 3.2893450260)
00:01:04.490 -> (3.2844574451, 3.1769306659, 3.3333332538, 3.3040077686, 3.3284456729, 3.2893450260)
00:01:04.941 -> (3.2844574451, 3.1769306659, 3.3284456729, 3.3040077686, 3.3235580921, 3.2893450260)
00:01:05.391 -> (3.2795698642, 3.1720430850, 3.3333332538, 3.3040077686, 3.3186705112, 3.2893450260)
00:01:05.842 -> (3.2844574451, 3.1671555042, 3.3333332538, 3.3040077686, 3.3137829303, 3.2844574451)
00:01:06.292 -> (3.2795698642, 3.1720430850, 3.3284456729, 3.2991201877, 3.3088953495, 3.2844574451)
00:01:06.743 -> (3.2795698642, 3.1476051807, 3.3186705112, 3.2991201877, 3.3040077686, 3.2795698642)
00:01:07.193 -> (3.2697947025, 3.1524927616, 3.3235580921, 3.2942326068, 3.2942326068, 3.2795698642)
00:01:07.644 -> (3.2746822834, 3.1573803424, 3.3040077686, 3.2844574451, 3.2844574451, 3.2795698642)
00:01:08.094 -> (3.2600195407, 3.1769306659, 3.3382208347, 3.2893450260, 3.3137829303, 3.2795698642)
00:01:08.545 -> (3.2844574451, 3.1622679233, 3.3333332538, 3.2893450260, 3.3137829303, 3.2844574451)
00:01:08.997 -> (3.2746822834, 3.1867058277, 3.3186705112, 3.2942326068, 3.3186705112, 3.2795698642)
00:01:09.447 -> (3.2697947025, 3.2013685703, 3.3235580921, 3.2942326068, 3.3235580921, 3.2795698642)
00:01:09.898 -> (3.2795698642, 3.2062561511, 3.3284456729, 3.2942326068, 3.3235580921, 3.2893450260)
00:01:10.348 -> (3.2697947025, 3.2013685703, 3.3235580921, 3.2942326068, 3.3284456729, 3.2795698642)
00:01:10.799 -> (3.2844574451, 3.2160313129, 3.3382208347, 3.3040077686, 3.3479959964, 3.2893450260)
00:01:11.249 -> (3.2746822834, 3.2404692173, 3.3235580921, 3.3040077686, 3.3528835773, 3.2942326068)
00:01:11.700 -> (3.2942326068, 3.2306940555, 3.3431084156, 3.3088953495, 3.3528835773, 3.2893450260)
00:01:12.151 -> (3.2844574451, 3.2209188938, 3.3528835773, 3.3088953495, 3.3528835773, 3.2893450260)
00:01:12.601 -> (3.2844574451, 3.2160313129, 3.3235580921, 3.2942326068, 3.3431084156, 3.2942326068)
00:01:13.053 -> (3.2844574451, 3.1915934085, 3.3382208347, 3.3040077686, 3.3333332538, 3.2893450260)
00:01:13.503 -> (3.2795698642, 3.1867058277, 3.3284456729, 3.2991201877, 3.3284456729, 3.2942326068)
00:01:13.954 -> (3.2893450260, 3.1915934085, 3.3333332538, 3.3040077686, 3.3235580921, 3.2893450260)
00:01:14.404 -> (3.2746822834, 3.1818182468, 3.3382208347, 3.2991201877, 3.3235580921, 3.2893450260)
00:01:14.855 -> (3.2795698642, 3.1867058277, 3.3333332538, 3.3040077686, 3.3137829303, 3.2893450260)
00:01:15.305 -> (3.2795698642, 3.1769306659, 3.3284456729, 3.2991201877, 3.3088953495, 3.2844574451)
00:01:15.756 -> (3.2795698642, 3.1622679233, 3.3284456729, 3.2942326068, 3.2991201877, 3.2844574451)
00:01:16.207 -> (3.2746822834, 3.1671555042, 3.3186705112, 3.2942326068, 3.2991201877, 3.2844574451)
00:01:16.657 -> (3.2746822834, 3.1622679233, 3.3186705112, 3.3040077686, 3.3040077686, 3.2746822834)
00:01:17.108 -> (3.2697947025, 3.1915934085, 3.3284456729, 3.2893450260, 3.3088953495, 3.2844574451)
00:01:17.559 -> (3.2795698642, 3.2013685703, 3.3235580921, 3.2893450260, 3.3137829303, 3.2795698642)
00:01:18.010 -> (3.2795698642, 3.2013685703, 3.3235580921, 3.2942326068, 3.3137829303, 3.2844574451)
00:01:18.460 -> (3.2746822834, 3.2062561511, 3.3235580921, 3.2942326068, 3.3235580921, 3.2844574451)
00:01:18.911 -> (3.2746822834, 3.2062561511, 3.3235580921, 3.2991201877, 3.3284456729, 3.2844574451)
00:01:19.362 -> (3.2746822834, 3.1964809894, 3.3235580921, 3.2942326068, 3.3333332538, 3.2893450260)
00:01:19.812 -> (3.2844574451, 3.2306940555, 3.3382208347, 3.2942326068, 3.3528835773, 3.2942326068)
00:01:20.263 -> (3.2795698642, 3.2258064746, 3.3186705112, 3.3040077686, 3.3577711582, 3.2942326068)
00:01:20.713 -> (3.2844574451, 3.2258064746, 3.3431084156, 3.3088953495, 3.3479959964, 3.2991201877)
00:01:21.165 -> (3.2991201877, 3.1867058277, 3.3088953495, 3.3137829303, 3.3577711582, 3.2991201877)
00:01:21.615 -> (3.2746822834, 3.1867058277, 3.3235580921, 3.3088953495, 3.3333332538, 3.2942326068)
00:01:22.066 -> (3.2893450260, 3.1867058277, 3.3284456729, 3.3040077686, 3.3333332538, 3.2942326068)
00:01:22.516 -> (3.2844574451, 3.1769306659, 3.3333332538, 3.3040077686, 3.3235580921, 3.2942326068)
00:01:22.967 -> (3.2844574451, 3.1671555042, 3.3333332538, 3.2991201877, 3.3235580921, 3.2893450260)
00:01:23.418 -> (3.2795698642, 3.1573803424, 3.3284456729, 3.2991201877, 3.3284456729, 3.2893450260)
00:01:23.868 -> (3.2844574451, 3.1671555042, 3.3284456729, 3.2991201877, 3.3284456729, 3.2844574451)
00:01:24.319 -> (3.2697947025, 3.1329424381, 3.3235580921, 3.2893450260, 3.3137829303, 3.2893450260)
00:01:24.769 -> (3.2844574451, 3.1524927616, 3.3284456729, 3.2942326068, 3.3137829303, 3.2844574451)
00:01:25.221 -> (3.2649071216, 3.1476051807, 3.2991201877, 3.2746822834, 3.3186705112, 3.2942326068)
00:01:25.671 -> (3.2551319599, 3.1818182468, 3.3284456729, 3.2942326068, 3.3186705112, 3.2893450260)
00:01:26.122 -> (3.2795698642, 3.1818182468, 3.3235580921, 3.2893450260, 3.3284456729, 3.2844574451)
00:01:26.573 -> (3.2746822834, 3.1867058277, 3.3235580921, 3.2942326068, 3.3284456729, 3.2795698642)
00:01:27.023 -> (3.2746822834, 3.1915934085, 3.3284456729, 3.2893450260, 3.3333332538, 3.2844574451)
00:01:27.474 -> (3.2746822834, 3.1915934085, 3.3284456729, 3.2942326068, 3.3382208347, 3.2942326068)
00:01:27.924 -> (3.2795698642, 3.2062561511, 3.3284456729, 3.2942326068, 3.3431084156, 3.2991201877)
00:01:28.375 -> (3.2746822834, 3.2258064746, 3.3284456729, 3.3040077686, 3.3577711582, 3.2991201877)
00:01:28.825 -> (3.2844574451, 3.2306940555, 3.3333332538, 3.3088953495, 3.3675463199, 3.2991201877)
00:01:29.277 -> (3.2893450260, 3.2258064746, 3.3382208347, 3.3040077686, 3.3528835773, 3.2942326068)
00:01:29.728 -> (3.2942326068, 3.2160313129, 3.3577711582, 3.3137829303, 3.3577711582, 3.2991201877)
00:01:30.178 -> (3.2893450260, 3.1964809894, 3.3235580921, 3.3088953495, 3.3528835773, 3.2991201877)
00:01:30.629 -> (3.2844574451, 3.1867058277, 3.3382208347, 3.3040077686, 3.3431084156, 3.2991201877)
00:01:31.079 -> (3.2893450260, 3.1769306659, 3.3333332538, 3.3040077686, 3.3382208347, 3.2942326068)
00:01:31.530 -> (3.2844574451, 3.1671555042, 3.3284456729, 3.2991201877, 3.3382208347, 3.2991201877)
00:01:31.980 -> (3.2844574451, 3.1622679233, 3.3284456729, 3.2991201877, 3.3284456729, 3.2991201877)
00:01:32.431 -> (3.2844574451, 3.1671555042, 3.3284456729, 3.2991201877, 3.3284456729, 3.2942326068)
00:01:32.881 -> (3.2844574451, 3.1427175998, 3.3235580921, 3.2942326068, 3.3137829303, 3.2844574451)
00:01:33.332 -> (3.2844574451, 3.1427175998, 3.3235580921, 3.2893450260, 3.3137829303, 3.2893450260)
00:01:33.784 -> (3.2746822834, 3.1622679233, 3.3528835773, 3.2942326068, 3.2942326068, 3.2893450260)
00:01:34.234 -> (3.2795698642, 3.1622679233, 3.3235580921, 3.2844574451, 3.3137829303, 3.2844574451)
00:01:34.685 -> (3.2746822834, 3.1769306659, 3.3235580921, 3.2893450260, 3.3235580921, 3.2844574451)
00:01:35.135 -> (3.2795698642, 3.1818182468, 3.3235580921, 3.2942326068, 3.3284456729, 3.2893450260)
00:01:35.586 -> (3.2795698642, 3.1818182468, 3.3235580921, 3.2991201877, 3.3333332538, 3.2893450260)
00:01:36.036 -> (3.2795698642, 3.1915934085, 3.3284456729, 3.2942326068, 3.3333332538, 3.2942326068)
00:01:36.487 -> (3.2746822834, 3.1964809894, 3.3333332538, 3.2991201877, 3.3431084156, 3.2942326068)
00:01:36.937 -> (3.2844574451, 3.2258064746, 3.3382208347, 3.2991201877, 3.3577711582, 3.3040077686)
00:01:37.388 -> (3.2893450260, 3.2160313129, 3.3333332538, 3.3040077686, 3.3528835773, 3.3040077686)
00:01:37.840 -> (3.2942326068, 3.2209188938, 3.3333332538, 3.2893450260, 3.3333332538, 3.2893450260)
00:01:38.290 -> (3.2795698642, 3.1964809894, 3.3431084156, 3.3040077686, 3.3528835773, 3.2942326068)
00:01:38.741 -> (3.2893450260, 3.1818182468, 3.3333332538, 3.3040077686, 3.3382208347, 3.2942326068)
00:01:39.191 -> (3.2844574451, 3.1720430850, 3.3333332538, 3.2991201877, 3.3333332538, 3.2991201877)
00:01:39.642 -> (3.2844574451, 3.1671555042, 3.3333332538, 3.2991201877, 3.3284456729, 3.2991201877)
00:01:40.092 -> (3.2844574451, 3.1671555042, 3.3284456729, 3.2991201877, 3.3235580921, 3.2942326068)
00:01:40.543 -> (3.2893450260, 3.1720430850, 3.3284456729, 3.2991201877, 3.3235580921, 3.2942326068)
00:01:40.994 -> (3.2844574451, 3.1476051807, 3.3137829303, 3.2942326068, 3.3088953495, 3.2942326068)
00:01:41.445 -> (3.2795698642, 3.1476051807, 3.3186705112, 3.2991201877, 3.3137829303, 3.2844574451)
00:01:41.896 -> (3.2746822834, 3.1378300189, 3.3186705112, 3.2795698642, 3.2942326068, 3.2746822834)
00:01:42.346 -> (3.2942326068, 3.1476051807, 3.3479959964, 3.2942326068, 3.3137829303, 3.2844574451)
00:01:42.797 -> (3.2649071216, 3.1720430850, 3.3333332538, 3.2942326068, 3.3186705112, 3.2893450260)
00:01:43.247 -> (3.2746822834, 3.1769306659, 3.3186705112, 3.2942326068, 3.3235580921, 3.2844574451)
00:01:43.698 -> (3.2746822834, 3.1818182468, 3.3235580921, 3.2893450260, 3.3284456729, 3.2893450260)
00:01:44.148 -> (3.2746822834, 3.1818182468, 3.3235580921, 3.2942326068, 3.3333332538, 3.2942326068)
00:01:44.599 -> (3.2795698642, 3.1915934085, 3.3284456729, 3.2942326068, 3.3333332538, 3.2942326068)
00:01:45.050 -> (3.2844574451, 3.1915934085, 3.3284456729, 3.2893450260, 3.3431084156, 3.2991201877)
00:01:45.501 -> (3.2795698642, 3.2306940555, 3.3382208347, 3.3040077686, 3.3528835773, 3.2991201877)
00:01:45.952 -> (3.2942326068, 3.2209188938, 3.3382208347, 3.3040077686, 3.3577711582, 3.2991201877)
00:01:46.402 -> (3.2893450260, 3.2209188938, 3.3528835773, 3.3088953495, 3.3528835773, 3.2893450260)
00:01:46.853 -> (3.2746822834, 3.2111437320, 3.3333332538, 3.3088953495, 3.3431084156, 3.3040077686)
00:01:47.303 -> (3.2942326068, 3.1964809894, 3.3284456729, 3.3088953495, 3.3479959964, 3.2991201877)
00:01:47.754 -> (3.2844574451, 3.1867058277, 3.3284456729, 3.3040077686, 3.3431084156, 3.2991201877)
00:01:48.205 -> (3.2844574451, 3.1769306659, 3.3284456729, 3.2991201877, 3.3382208347, 3.2991201877)
00:01:48.655 -> (3.2844574451, 3.1720430850, 3.3284456729, 3.2991201877, 3.3333332538, 3.2991201877)
00:01:49.106 -> (3.2844574451, 3.1622679233, 3.3284456729, 3.2991201877, 3.3284456729, 3.2942326068)
00:01:49.557 -> (3.2893450260, 3.1622679233, 3.3333332538, 3.2991201877, 3.3284456729, 3.2991201877)
00:01:50.008 -> (3.2795698642, 3.1671555042, 3.3284456729, 3.2893450260, 3.3137829303, 3.2893450260)
00:01:50.458 -> (3.2795698642, 3.1427175998, 3.3235580921, 3.2893450260, 3.3137829303, 3.2893450260)
00:01:50.909 -> (3.2795698642, 3.1427175998, 3.3186705112, 3.2942326068, 3.3088953495, 3.2844574451)
00:01:51.360 -> (3.2697947025, 3.1427175998, 3.3333332538, 3.2991201877, 3.3186705112, 3.2942326068)
00:01:51.810 -> (3.2746822834, 3.1671555042, 3.2991201877, 3.2991201877, 3.3186705112, 3.2893450260)
00:01:52.261 -> (3.2795698642, 3.1818182468, 3.3235580921, 3.2942326068, 3.3186705112, 3.2844574451)
00:01:52.711 -> (3.2746822834, 3.1818182468, 3.3284456729, 3.2942326068, 3.3235580921, 3.2942326068)
00:01:53.162 -> (3.2795698642, 3.1867058277, 3.3235580921, 3.2893450260, 3.3284456729, 3.2893450260)
00:01:53.613 -> (3.2795698642, 3.1964809894, 3.3235580921, 3.2942326068, 3.3333332538, 3.2942326068)
00:01:54.064 -> (3.2844574451, 3.2013685703, 3.3284456729, 3.2942326068, 3.3479959964, 3.3040077686)
00:01:54.514 -> (3.2893450260, 3.2355816364, 3.3431084156, 3.3040077686, 3.3577711582, 3.2942326068)
00:01:54.965 -> (3.2893450260, 3.2258064746, 3.3284456729, 3.3040077686, 3.3577711582, 3.2991201877)
00:01:55.416 -> (3.2844574451, 3.2062561511, 3.3479959964, 3.2991201877, 3.3431084156, 3.3040077686)
00:01:55.866 -> (3.2991201877, 3.2111437320, 3.3186705112, 3.3040077686, 3.3479959964, 3.3137829303)
00:01:56.317 -> (3.2795698642, 3.1867058277, 3.3284456729, 3.2991201877, 3.3431084156, 3.2991201877)
00:01:56.767 -> (3.2893450260, 3.1818182468, 3.3333332538, 3.2991201877, 3.3284456729, 3.2991201877)
00:01:57.218 -> (3.2893450260, 3.1818182468, 3.3333332538, 3.2991201877, 3.3284456729, 3.2991201877)
00:01:57.668 -> (3.2844574451, 3.1720430850, 3.3284456729, 3.2991201877, 3.3186705112, 3.2991201877)
00:01:58.120 -> (3.2844574451, 3.1720430850, 3.3284456729, 3.2942326068, 3.3235580921, 3.2991201877)
00:01:58.571 -> (3.2844574451, 3.1524927616, 3.3235580921, 3.2942326068, 3.3088953495, 3.2942326068)
00:01:59.021 -> (3.2795698642, 3.1476051807, 3.3235580921, 3.2893450260, 3.3040077686, 3.2893450260)
00:01:59.472 -> (3.2844574451, 3.1622679233, 3.3577711582, 3.3088953495, 3.3186705112, 3.2844574451)
00:01:59.922 -> (3.2600195407, 3.1769306659, 3.3137829303, 3.2942326068, 3.3137829303, 3.2844574451)
00:02:00.373 -> (3.2697947025, 3.1867058277, 3.3235580921, 3.2893450260, 3.3235580921, 3.2893450260)
00:02:00.823 -> (3.2746822834, 3.1915934085, 3.3235580921, 3.2942326068, 3.3235580921, 3.2942326068)
00:02:01.274 -> (3.2746822834, 3.1964809894, 3.3235580921, 3.2893450260, 3.3284456729, 3.2942326068)
00:02:01.724 -> (3.2746822834, 3.2013685703, 3.3284456729, 3.2942326068, 3.3333332538, 3.2991201877)
00:02:02.176 -> (3.2844574451, 3.2013685703, 3.3284456729, 3.2991201877, 3.3382208347, 3.2991201877)
00:02:02.627 -> (3.2893450260, 3.2355816364, 3.3333332538, 3.2991201877, 3.3528835773, 3.2991201877)
00:02:03.077 -> (3.2893450260, 3.2258064746, 3.3186705112, 3.3040077686, 3.3577711582, 3.2991201877)
00:02:03.528 -> (3.2942326068, 3.2013685703, 3.3088953495, 3.2844574451, 3.3431084156, 3.3088953495)
00:02:03.978 -> (3.2893450260, 3.2013685703, 3.3333332538, 3.2942326068, 3.3382208347, 3.2991201877)
00:02:04.429 -> (3.2844574451, 3.1867058277, 3.3382208347, 3.3040077686, 3.3382208347, 3.2991201877)
00:02:04.879 -> (3.2893450260, 3.1818182468, 3.3333332538, 3.3040077686, 3.3284456729, 3.2991201877)
00:02:05.330 -> (3.2893450260, 3.1720430850, 3.3333332538, 3.2991201877, 3.3235580921, 3.2991201877)
00:02:05.780 -> (3.2795698642, 3.1671555042, 3.3284456729, 3.3040077686, 3.3235580921, 3.2991201877)
00:02:06.231 -> (3.2893450260, 3.1622679233, 3.3284456729, 3.3040077686, 3.3137829303, 3.2893450260)
00:02:06.683 -> (3.2844574451, 3.1476051807, 3.3284456729, 3.2942326068, 3.3137829303, 3.2893450260)
00:02:07.133 -> (3.2795698642, 3.1427175998, 3.3235580921, 3.2991201877, 3.2991201877, 3.2991201877)
00:02:07.584 -> (3.2746822834, 3.1915934085, 3.3431084156, 3.2746822834, 3.3235580921, 3.2844574451)
00:02:08.034 -> (3.2795698642, 3.2404692173, 3.3235580921, 3.2844574451, 3.3186705112, 3.2893450260)
00:02:08.485 -> (3.2746822834, 3.2013685703, 3.3284456729, 3.2893450260, 3.3235580921, 3.2942326068)
00:02:08.935 -> (3.2795698642, 3.1915934085, 3.3284456729, 3.2942326068, 3.3284456729, 3.2942326068)
00:02:09.386 -> (3.2795698642, 3.2013685703, 3.3284456729, 3.2942326068, 3.3333332538, 3.2893450260)
00:02:09.837 -> (3.2795698642, 3.1964809894, 3.3284456729, 3.2991201877, 3.3382208347, 3.2942326068)
00:02:10.287 -> (3.2893450260, 3.2355816364, 3.3431084156, 3.2844574451, 3.3577711582, 3.2991201877)
00:02:10.739 -> (3.2795698642, 3.2551319599, 3.3431084156, 3.3040077686, 3.3577711582, 3.3040077686)
00:02:11.189 -> (3.2893450260, 3.2258064746, 3.3528835773, 3.3088953495, 3.3528835773, 3.2991201877)
00:02:11.640 -> (3.2844574451, 3.2013685703, 3.3284456729, 3.2942326068, 3.3479959964, 3.3040077686)
00:02:12.090 -> (3.2893450260, 3.1867058277, 3.3333332538, 3.3040077686, 3.3382208347, 3.2991201877)
00:02:12.541 -> (3.2893450260, 3.1818182468, 3.3333332538, 3.2991201877, 3.3333332538, 3.2991201877)
00:02:12.992 -> (3.2844574451, 3.1720430850, 3.3333332538, 3.3040077686, 3.3284456729, 3.2991201877)
00:02:13.442 -> (3.2844574451, 3.1720430850, 3.3333332538, 3.2991201877, 3.3235580921, 3.2991201877)
00:02:13.893 -> (3.2795698642, 3.1671555042, 3.3284456729, 3.2942326068, 3.3186705112, 3.2942326068)
00:02:14.343 -> (3.2795698642, 3.1476051807, 3.3333332538, 3.2942326068, 3.3088953495, 3.2893450260)
00:02:14.794 -> (3.2795698642, 3.1524927616, 3.3186705112, 3.2844574451, 3.2991201877, 3.2795698642)
00:02:15.245 -> (3.2893450260, 3.1622679233, 3.3235580921, 3.2893450260, 3.3137829303, 3.2893450260)
00:02:15.696 -> (3.2795698642, 3.1867058277, 3.3186705112, 3.2893450260, 3.3186705112, 3.2893450260)
00:02:16.146 -> (3.2746822834, 3.1964809894, 3.3284456729, 3.2942326068, 3.3235580921, 3.2893450260)
00:02:16.597 -> (3.2795698642, 3.2013685703, 3.3235580921, 3.2942326068, 3.3235580921, 3.2942326068)
00:02:17.048 -> (3.2795698642, 3.2013685703, 3.3284456729, 3.2942326068, 3.3333332538, 3.2991201877)
00:02:17.498 -> (3.2795698642, 3.2160313129, 3.3333332538, 3.2991201877, 3.3431084156, 3.2991201877)
00:02:17.949 -> (3.2844574451, 3.2306940555, 3.3431084156, 3.3088953495, 3.3577711582, 3.3040077686)
00:02:18.399 -> (3.2844574451, 3.2209188938, 3.3333332538, 3.2991201877, 3.3626587390, 3.3137829303)
00:02:18.850 -> (3.2893450260, 3.1867058277, 3.3382208347, 3.2991201877, 3.3431084156, 3.3040077686)
00:02:19.300 -> (3.2893450260, 3.1867058277, 3.3333332538, 3.2991201877, 3.3382208347, 3.3040077686)
00:02:19.752 -> (3.2893450260, 3.1769306659, 3.3333332538, 3.3040077686, 3.3333332538, 3.3040077686)
00:02:20.203 -> (3.2844574451, 3.1720430850, 3.3333332538, 3.3040077686, 3.3284456729, 3.2991201877)
00:02:20.653 -> (3.2795698642, 3.1671555042, 3.3284456729, 3.2991201877, 3.3186705112, 3.2991201877)
00:02:21.104 -> (3.2893450260, 3.1769306659, 3.3235580921, 3.2942326068, 3.3137829303, 3.2991201877)
00:02:21.554 -> (3.2795698642, 3.1524927616, 3.3284456729, 3.2893450260, 3.3040077686, 3.2893450260)
00:02:22.005 -> (3.2697947025, 3.1427175998, 3.3284456729, 3.3088953495, 3.2991201877, 3.2795698642)
00:02:22.455 -> (3.2844574451, 3.1720430850, 3.3235580921, 3.2893450260, 3.3137829303, 3.2893450260)
00:02:22.906 -> (3.2746822834, 3.1867058277, 3.3235580921, 3.2893450260, 3.3186705112, 3.2893450260)
00:02:23.356 -> (3.2746822834, 3.1915934085, 3.3235580921, 3.2942326068, 3.3235580921, 3.2942326068)
00:02:23.808 -> (3.2795698642, 3.2062561511, 3.3235580921, 3.2942326068, 3.3284456729, 3.2991201877)
00:02:24.259 -> (3.2795698642, 3.2160313129, 3.3235580921, 3.3040077686, 3.3333332538, 3.2991201877)
00:02:24.709 -> (3.2844574451, 3.2306940555, 3.3333332538, 3.2942326068, 3.3528835773, 3.3040077686)
00:02:25.160 -> (3.2893450260, 3.2258064746, 3.3235580921, 3.3040077686, 3.3528835773, 3.2942326068)
00:02:25.610 -> (3.2893450260, 3.1915934085, 3.3137829303, 3.2893450260, 3.3479959964, 3.2991201877)
00:02:26.061 -> (3.2795698642, 3.1964809894, 3.3333332538, 3.3088953495, 3.3382208347, 3.2991201877)
00:02:26.511 -> (3.2844574451, 3.1818182468, 3.3333332538, 3.3040077686, 3.3382208347, 3.3088953495)
00:02:26.962 -> (3.2844574451, 3.1818182468, 3.3333332538, 3.3040077686, 3.3284456729, 3.3040077686)
00:02:27.412 -> (3.2844574451, 3.1769306659, 3.3333332538, 3.2991201877, 3.3235580921, 3.2991201877)
00:02:27.863 -> (3.2795698642, 3.1915934085, 3.3284456729, 3.2942326068, 3.3235580921, 3.2991201877)
00:02:28.315 -> (3.2795698642, 3.1622679233, 3.3284456729, 3.2942326068, 3.3088953495, 3.2991201877)
00:02:28.765 -> (3.2746822834, 3.1622679233, 3.3186705112, 3.2844574451, 3.2991201877, 3.2991201877)
00:02:29.216 -> (3.2600195407, 3.1769306659, 3.3186705112, 3.2844574451, 3.3186705112, 3.2942326068)
00:02:29.666 -> (3.2697947025, 3.1964809894, 3.3235580921, 3.2893450260, 3.3186705112, 3.2942326068)
00:02:30.117 -> (3.2746822834, 3.2160313129, 3.3284456729, 3.2893450260, 3.3284456729, 3.2942326068)
00:02:30.567 -> (3.2795698642, 3.2111437320, 3.3284456729, 3.2942326068, 3.3284456729, 3.2942326068)
00:02:31.018 -> (3.2844574451, 3.2111437320, 3.3333332538, 3.2942326068, 3.3333332538, 3.2991201877)
00:02:31.469 -> (3.2795698642, 3.2306940555, 3.3382208347, 3.3040077686, 3.3479959964, 3.3088953495)
00:02:31.919 -> (3.2795698642, 3.2355816364, 3.3333332538, 3.3040077686, 3.3479959964, 3.2991201877)
00:02:32.371 -> (3.2844574451, 3.2160313129, 3.3137829303, 3.2942326068, 3.3626587390, 3.3137829303)
00:02:32.821 -> (3.2991201877, 3.1867058277, 3.3284456729, 3.2991201877, 3.3479959964, 3.3088953495)
00:02:33.272 -> (3.2844574451, 3.1915934085, 3.3333332538, 3.3040077686, 3.3382208347, 3.3040077686)
00:02:33.722 -> (3.2844574451, 3.1818182468, 3.3333332538, 3.2991201877, 3.3333332538, 3.3040077686)
00:02:34.173 -> (3.2942326068, 3.1769306659, 3.3333332538, 3.3040077686, 3.3284456729, 3.3040077686)
00:02:34.624 -> (3.2795698642, 3.1720430850, 3.3235580921, 3.3040077686, 3.3235580921, 3.2991201877)
00:02:35.074 -> (3.2844574451, 3.1769306659, 3.3186705112, 3.2893450260, 3.3137829303, 3.2991201877)
00:02:35.525 -> (3.2844574451, 3.1573803424, 3.3235580921, 3.2893450260, 3.3088953495, 3.2942326068)
00:02:35.975 -> (3.2746822834, 3.1573803424, 3.3088953495, 3.2991201877, 3.3186705112, 3.2893450260)
00:02:36.426 -> (3.2844574451, 3.1622679233, 3.3382208347, 3.2844574451, 3.3137829303, 3.3040077686)
00:02:36.877 -> (3.2746822834, 3.1818182468, 3.3235580921, 3.2844574451, 3.3235580921, 3.2942326068)
00:02:37.328 -> (3.2795698642, 3.1915934085, 3.3284456729, 3.2942326068, 3.3284456729, 3.2942326068)
00:02:37.778 -> (3.2746822834, 3.1964809894, 3.3284456729, 3.2893450260, 3.3333332538, 3.2942326068)
00:02:38.229 -> (3.2844574451, 3.2013685703, 3.3284456729, 3.2942326068, 3.3382208347, 3.2991201877)
00:02:38.680 -> (3.2844574451, 3.2209188938, 3.3431084156, 3.3040077686, 3.3479959964, 3.3040077686)
00:02:39.130 -> (3.2942326068, 3.2306940555, 3.3333332538, 3.3040077686, 3.3626587390, 3.3040077686)
00:02:39.581 -> (3.2893450260, 3.2306940555, 3.3284456729, 3.3088953495, 3.3675463199, 3.3040077686)
00:02:40.031 -> (3.2942326068, 3.1867058277, 3.3284456729, 3.3088953495, 3.3626587390, 3.3088953495)
00:02:40.482 -> (3.2942326068, 3.1964809894, 3.3186705112, 3.3040077686, 3.3479959964, 3.3137829303)
00:02:40.932 -> (3.2893450260, 3.1818182468, 3.3333332538, 3.2942326068, 3.3382208347, 3.3040077686)
00:02:41.383 -> (3.2844574451, 3.1769306659, 3.3284456729, 3.3040077686, 3.3333332538, 3.3040077686)
00:02:41.835 -> (3.2942326068, 3.1769306659, 3.3333332538, 3.3040077686, 3.3284456729, 3.3040077686)
00:02:42.285 -> (3.2942326068, 3.1818182468, 3.3284456729, 3.2991201877, 3.3284456729, 3.2991201877)
00:02:42.736 -> (3.2991201877, 3.1524927616, 3.3186705112, 3.2942326068, 3.3137829303, 3.2942326068)
00:02:43.186 -> (3.2844574451, 3.1573803424, 3.3137829303, 3.2942326068, 3.3088953495, 3.2942326068)
00:02:43.637 -> (3.2795698642, 3.1573803424, 3.3284456729, 3.3040077686, 3.3235580921, 3.2991201877)
00:02:44.087 -> (3.2795698642, 3.1818182468, 3.3186705112, 3.2844574451, 3.3333332538, 3.2991201877)
00:02:44.538 -> (3.2893450260, 3.1915934085, 3.3186705112, 3.2942326068, 3.3235580921, 3.2991201877)
00:02:44.988 -> (3.2893450260, 3.1964809894, 3.3235580921, 3.2942326068, 3.3284456729, 3.2991201877)
00:02:45.439 -> (3.2844574451, 3.2062561511, 3.3235580921, 3.2942326068, 3.3431084156, 3.3040077686)
00:02:45.891 -> (3.2942326068, 3.2062561511, 3.3235580921, 3.2942326068, 3.3382208347, 3.2942326068)
00:02:46.341 -> (3.2844574451, 3.2355816364, 3.3382208347, 3.3040077686, 3.3626587390, 3.3040077686)
00:02:46.792 -> (3.2991201877, 3.2258064746, 3.3333332538, 3.3040077686, 3.3626587390, 3.3088953495)
00:02:47.242 -> (3.3040077686, 3.2209188938, 3.3040077686, 3.2942326068, 3.3675463199, 3.3040077686)
00:02:47.693 -> (3.2991201877, 3.2160313129, 3.3235580921, 3.3040077686, 3.3479959964, 3.3040077686)
00:02:48.143 -> (3.3040077686, 3.1915934085, 3.3284456729, 3.2991201877, 3.3382208347, 3.3040077686)
00:02:48.594 -> (3.2991201877, 3.1818182468, 3.3333332538, 3.2991201877, 3.3284456729, 3.2991201877)
00:02:49.044 -> (3.2942326068, 3.1671555042, 3.3333332538, 3.2942326068, 3.3235580921, 3.2991201877)
00:02:49.495 -> (3.2942326068, 3.1720430850, 3.3235580921, 3.2991201877, 3.3235580921, 3.3040077686)
00:02:49.946 -> (3.2942326068, 3.1573803424, 3.3284456729, 3.2942326068, 3.3088953495, 3.2991201877)
00:02:50.397 -> (3.2893450260, 3.1573803424, 3.3284456729, 3.2893450260, 3.3040077686, 3.2991201877)
00:02:50.848 -> (3.2893450260, 3.1769306659, 3.3137829303, 3.2746822834, 3.2942326068, 3.2893450260)
00:02:51.298 -> (3.2697947025, 3.1818182468, 3.3235580921, 3.2795698642, 3.3186705112, 3.2991201877)
00:02:51.749 -> (3.2893450260, 3.2013685703, 3.3284456729, 3.2893450260, 3.3186705112, 3.2991201877)
00:02:52.199 -> (3.2893450260, 3.1964809894, 3.3235580921, 3.2942326068, 3.3284456729, 3.2942326068)
00:02:52.650 -> (3.2844574451, 3.2013685703, 3.3235580921, 3.2942326068, 3.3284456729, 3.2942326068)
00:02:53.101 -> (3.2893450260, 3.2062561511, 3.3235580921, 3.2942326068, 3.3382208347, 3.2991201877)
00:02:53.551 -> (3.2844574451, 3.2258064746, 3.3284456729, 3.3040077686, 3.3479959964, 3.3040077686)
00:02:54.002 -> (3.2942326068, 3.2306940555, 3.3382208347, 3.3040077686, 3.3577711582, 3.3040077686)
00:02:54.452 -> (3.2991201877, 3.2258064746, 3.3333332538, 3.3137829303, 3.3626587390, 3.3186705112)
00:02:54.904 -> (3.2942326068, 3.1915934085, 3.3284456729, 3.3088953495, 3.3382208347, 3.3040077686)
00:02:55.354 -> (3.3040077686, 3.1964809894, 3.3284456729, 3.2991201877, 3.3382208347, 3.3088953495)
00:02:55.805 -> (3.2991201877, 3.1867058277, 3.3382208347, 3.2991201877, 3.3333332538, 3.3137829303)
00:02:56.256 -> (3.2942326068, 3.1769306659, 3.3333332538, 3.3040077686, 3.3235580921, 3.3088953495)
00:02:56.706 -> (3.2991201877, 3.1720430850, 3.3333332538, 3.2991201877, 3.3235580921, 3.3088953495)
00:02:57.157 -> (3.2893450260, 3.1769306659, 3.3333332538, 3.2991201877, 3.3088953495, 3.3040077686)
00:02:57.607 -> (3.2942326068, 3.1476051807, 3.3186705112, 3.2942326068, 3.3040077686, 3.3040077686)
00:02:58.058 -> (3.2844574451, 3.1573803424, 3.3186705112, 3.2844574451, 3.2942326068, 3.2991201877)
00:02:58.508 -> (3.2795698642, 3.1671555042, 3.3040077686, 3.2746822834, 3.3284456729, 3.2942326068)
00:02:58.960 -> (3.2844574451, 3.1818182468, 3.3040077686, 3.2893450260, 3.3235580921, 3.2942326068)
00:02:59.410 -> (3.2893450260, 3.1915934085, 3.3235580921, 3.2942326068, 3.3235580921, 3.2942326068)
00:02:59.861 -> (3.2893450260, 3.1915934085, 3.3235580921, 3.2893450260, 3.3333332538, 3.2942326068)
00:03:00.312 -> (3.2795698642, 3.2013685703, 3.3235580921, 3.2942326068, 3.3333332538, 3.2942326068)
00:03:00.762 -> (3.2991201877, 3.2062561511, 3.3235580921, 3.2942326068, 3.3479959964, 3.2991201877)
00:03:01.213 -> (3.2942326068, 3.2355816364, 3.3186705112, 3.2991201877, 3.3479959964, 3.2991201877)
00:03:01.663 -> (3.2991201877, 3.2258064746, 3.3382208347, 3.2991201877, 3.3528835773, 3.3137829303)
00:03:02.114 -> (3.3040077686, 3.2111437320, 3.3577711582, 3.3088953495, 3.3479959964, 3.3088953495)
00:03:02.564 -> (3.2942326068, 3.2013685703, 3.3235580921, 3.3040077686, 3.3431084156, 3.3088953495)
00:03:03.015 -> (3.2942326068, 3.1818182468, 3.3284456729, 3.2991201877, 3.3333332538, 3.3088953495)
00:03:03.467 -> (3.2942326068, 3.1769306659, 3.3333332538, 3.2991201877, 3.3284456729, 3.3088953495)
00:03:03.917 -> (3.2991201877, 3.1720430850, 3.3284456729, 3.2991201877, 3.3186705112, 3.3040077686)
00:03:04.368 -> (3.2942326068, 3.1720430850, 3.3235580921, 3.2942326068, 3.3137829303, 3.3040077686)
00:03:04.818 -> (3.2942326068, 3.1524927616, 3.3186705112, 3.2942326068, 3.3040077686, 3.2942326068)
00:03:05.269 -> (3.2893450260, 3.1524927616, 3.3235580921, 3.2844574451, 3.2991201877, 3.2893450260)
00:03:05.719 -> (3.2893450260, 3.1867058277, 3.3382208347, 3.2893450260, 3.3040077686, 3.2893450260)
00:03:06.170 -> (3.2893450260, 3.1964809894, 3.3186705112, 3.2893450260, 3.3186705112, 3.2942326068)
00:03:06.620 -> (3.2942326068, 3.1964809894, 3.3235580921, 3.2893450260, 3.3284456729, 3.2991201877)
00:03:07.071 -> (3.2942326068, 3.2062561511, 3.3235580921, 3.2942326068, 3.3284456729, 3.2991201877)
00:03:07.522 -> (3.2893450260, 3.2160313129, 3.3186705112, 3.2942326068, 3.3333332538, 3.2991201877)
00:03:07.973 -> (3.2942326068, 3.2306940555, 3.3382208347, 3.2991201877, 3.3431084156, 3.3088953495)
00:03:08.424 -> (3.2942326068, 3.2404692173, 3.3284456729, 3.2991201877, 3.3577711582, 3.3088953495)
00:03:08.874 -> (3.2991201877, 3.2355816364, 3.3186705112, 3.3137829303, 3.3675463199, 3.3137829303)
00:03:09.325 -> (3.3040077686, 3.2209188938, 3.3577711582, 3.3088953495, 3.3479959964, 3.3088953495)
00:03:09.775 -> (3.2893450260, 3.2111437320, 3.3235580921, 3.2991201877, 3.3382208347, 3.3088953495)
00:03:10.226 -> (3.2942326068, 3.1915934085, 3.3333332538, 3.3040077686, 3.3284456729, 3.3088953495)
00:03:10.676 -> (3.2942326068, 3.1818182468, 3.3333332538, 3.3040077686, 3.3235580921, 3.3040077686)
00:03:11.127 -> (3.2942326068, 3.1769306659, 3.3284456729, 3.2991201877, 3.3186705112, 3.3040077686)
00:03:11.578 -> (3.2991201877, 3.1818182468, 3.3284456729, 3.2991201877, 3.3137829303, 3.3040077686)
00:03:12.028 -> (3.2942326068, 3.1573803424, 3.3235580921, 3.2942326068, 3.3040077686, 3.2991201877)
00:03:12.479 -> (3.2893450260, 3.1622679233, 3.3186705112, 3.3040077686, 3.2991201877, 3.2942326068)
00:03:12.930 -> (3.2942326068, 3.1818182468, 3.3431084156, 3.2942326068, 3.3186705112, 3.3040077686)
00:03:13.381 -> (3.2893450260, 3.1818182468, 3.3284456729, 3.2893450260, 3.3186705112, 3.2991201877)
00:03:13.831 -> (3.2844574451, 3.2062561511, 3.3186705112, 3.2942326068, 3.3235580921, 3.2991201877)
00:03:14.282 -> (3.2844574451, 3.1964809894, 3.3186705112, 3.2942326068, 3.3235580921, 3.2991201877)
00:03:14.733 -> (3.2893450260, 3.2062561511, 3.3235580921, 3.2942326068, 3.3235580921, 3.2991201877)
00:03:15.183 -> (3.2893450260, 3.2111437320, 3.3235580921, 3.2942326068, 3.3382208347, 3.3040077686)
00:03:15.634 -> (3.2991201877, 3.2453567981, 3.3333332538, 3.2991201877, 3.3528835773, 3.3088953495)
00:03:16.084 -> (3.2893450260, 3.2355816364, 3.3284456729, 3.3040077686, 3.3577711582, 3.3137829303)
00:03:16.535 -> (3.3040077686, 3.2355816364, 3.3040077686, 3.2893450260, 3.3284456729, 3.3088953495)
00:03:16.986 -> (3.2991201877, 3.2160313129, 3.3431084156, 3.3088953495, 3.3382208347, 3.3040077686)
00:03:17.437 -> (3.2893450260, 3.1964809894, 3.3235580921, 3.2991201877, 3.3382208347, 3.3088953495)
00:03:17.888 -> (3.2991201877, 3.1915934085, 3.3284456729, 3.3088953495, 3.3333332538, 3.3040077686)
00:03:18.338 -> (3.2991201877, 3.1867058277, 3.3333332538, 3.2991201877, 3.3284456729, 3.3040077686)
00:03:18.789 -> (3.2942326068, 3.1867058277, 3.3235580921, 3.2942326068, 3.3235580921, 3.3088953495)
00:03:19.239 -> (3.2991201877, 3.1867058277, 3.3235580921, 3.2991201877, 3.3137829303, 3.3040077686)
00:03:19.690 -> (3.2844574451, 3.1524927616, 3.3137829303, 3.2844574451, 3.3088953495, 3.3040077686)
00:03:20.140 -> (3.2893450260, 3.1622679233, 3.3137829303, 3.2844574451, 3.2942326068, 3.2942326068)
00:03:20.591 -> (3.2942326068, 3.1818182468, 3.2893450260, 3.2746822834, 3.3284456729, 3.2991201877)
00:03:21.041 -> (3.2844574451, 3.1915934085, 3.3137829303, 3.2893450260, 3.3137829303, 3.3040077686)
00:03:21.493 -> (3.2844574451, 3.2013685703, 3.3186705112, 3.2893450260, 3.3186705112, 3.2991201877)
00:03:21.944 -> (3.2844574451, 3.2013685703, 3.3235580921, 3.2893450260, 3.3284456729, 3.2991201877)
00:03:22.394 -> (3.2893450260, 3.2111437320, 3.3186705112, 3.2893450260, 3.3333332538, 3.3040077686)
00:03:22.845 -> (3.2893450260, 3.2111437320, 3.3284456729, 3.2942326068, 3.3382208347, 3.2991201877)
00:03:23.295 -> (3.2991201877, 3.2306940555, 3.3284456729, 3.2942326068, 3.3528835773, 3.3137829303)
00:03:23.746 -> (3.2991201877, 3.2355816364, 3.3382208347, 3.3040077686, 3.3577711582, 3.3186705112)
00:03:24.196 -> (3.2991201877, 3.2306940555, 3.3577711582, 3.3088953495, 3.3626587390, 3.3235580921)
00:03:24.647 -> (3.3088953495, 3.2258064746, 3.3186705112, 3.2893450260, 3.3333332538, 3.2991201877)
00:03:25.097 -> (3.3088953495, 3.1915934085, 3.3333332538, 3.2991201877, 3.3333332538, 3.3137829303)
00:03:25.548 -> (3.2991201877, 3.1867058277, 3.3382208347, 3.3040077686, 3.3284456729, 3.3088953495)
00:03:26.000 -> (3.2991201877, 3.1769306659, 3.3284456729, 3.2991201877, 3.3284456729, 3.3137829303)
00:03:26.450 -> (3.2991201877, 3.1769306659, 3.3235580921, 3.2991201877, 3.3235580921, 3.3088953495)
00:03:26.901 -> (3.2942326068, 3.1818182468, 3.3284456729, 3.2991201877, 3.3235580921, 3.3088953495)
00:03:27.351 -> (3.2844574451, 3.1573803424, 3.3137829303, 3.2844574451, 3.3040077686, 3.2991201877)
00:03:27.802 -> (3.2893450260, 3.1622679233, 3.3235580921, 3.2893450260, 3.2991201877, 3.2893450260)
00:03:28.252 -> (3.2746822834, 3.1622679233, 3.3088953495, 3.2844574451, 3.2991201877, 3.2942326068)
00:03:28.703 -> (3.2844574451, 3.1867058277, 3.3235580921, 3.2942326068, 3.3137829303, 3.2991201877)
00:03:29.154 -> (3.2844574451, 3.1964809894, 3.3235580921, 3.2893450260, 3.3186705112, 3.2991201877)
00:03:29.604 -> (3.2893450260, 3.2013685703, 3.3235580921, 3.2844574451, 3.3284456729, 3.2991201877)
00:03:30.056 -> (3.2893450260, 3.2111437320, 3.3284456729, 3.2893450260, 3.3284456729, 3.3040077686)
00:03:30.506 -> (3.2991201877, 3.2111437320, 3.3235580921, 3.2893450260, 3.3431084156, 3.3088953495)
00:03:30.957 -> (3.2991201877, 3.2404692173, 3.3382208347, 3.2942326068, 3.3528835773, 3.3088953495)
00:03:31.407 -> (3.2991201877, 3.2355816364, 3.3284456729, 3.2991201877, 3.3724339008, 3.2991201877)
00:03:31.858 -> (3.2844574451, 3.2258064746, 3.3528835773, 3.2893450260, 3.3431084156, 3.3137829303)
00:03:32.308 -> (3.2942326068, 3.1964809894, 3.3333332538, 3.3040077686, 3.3333332538, 3.3088953495)
00:03:32.759 -> (3.2942326068, 3.1867058277, 3.3333332538, 3.3088953495, 3.3382208347, 3.3137829303)
00:03:33.210 -> (3.2991201877, 3.1818182468, 3.3235580921, 3.3040077686, 3.3284456729, 3.3088953495)
00:03:33.660 -> (3.2991201877, 3.1818182468, 3.3235580921, 3.2942326068, 3.3186705112, 3.3088953495)
00:03:34.111 -> (3.2893450260, 3.1818182468, 3.3333332538, 3.2942326068, 3.3137829303, 3.3040077686)
00:03:34.562 -> (3.2942326068, 3.1573803424, 3.3186705112, 3.2893450260, 3.3088953495, 3.2991201877)
00:03:35.013 -> (3.2991201877, 3.1818182468, 3.2991201877, 3.2746822834, 3.3235580921, 3.3088953495)
00:03:35.463 -> (3.2893450260, 3.1818182468, 3.3186705112, 3.2893450260, 3.3137829303, 3.2991201877)
00:03:35.914 -> (3.2844574451, 3.1964809894, 3.3235580921, 3.2893450260, 3.3186705112, 3.2991201877)
00:03:36.365 -> (3.2844574451, 3.1964809894, 3.3235580921, 3.2942326068, 3.3284456729, 3.2991201877)
00:03:36.815 -> (3.2893450260, 3.2062561511, 3.3284456729, 3.2893450260, 3.3333332538, 3.3040077686)
00:03:37.266 -> (3.2893450260, 3.2453567981, 3.3284456729, 3.2991201877, 3.3431084156, 3.3088953495)
00:03:37.716 -> (3.2991201877, 3.2649071216, 3.3382208347, 3.3040077686, 3.3528835773, 3.2991201877)
00:03:38.167 -> (3.2991201877, 3.2306940555, 3.3382208347, 3.2991201877, 3.3577711582, 3.3186705112)
00:03:38.617 -> (3.2942326068, 3.2209188938, 3.2991201877, 3.3088953495, 3.3382208347, 3.3137829303)
00:03:39.069 -> (3.3040077686, 3.2062561511, 3.3382208347, 3.2991201877, 3.3382208347, 3.3088953495)
00:03:39.520 -> (3.2942326068, 3.1867058277, 3.3333332538, 3.2991201877, 3.3333332538, 3.3088953495)
00:03:39.970 -> (3.3040077686, 3.1818182468, 3.3284456729, 3.2942326068, 3.3284456729, 3.3088953495)
00:03:40.421 -> (3.2942326068, 3.1769306659, 3.3284456729, 3.2991201877, 3.3186705112, 3.3040077686)
00:03:40.871 -> (3.2942326068, 3.1818182468, 3.3284456729, 3.2942326068, 3.3040077686, 3.2991201877)
00:03:41.322 -> (3.2844574451, 3.1524927616, 3.3235580921, 3.2942326068, 3.3040077686, 3.3040077686)
00:03:41.772 -> (3.2893450260, 3.1671555042, 3.3040077686, 3.2795698642, 3.2844574451, 3.2844574451)
00:03:42.223 -> (3.2844574451, 3.1769306659, 3.3333332538, 3.2942326068, 3.3040077686, 3.3040077686)
00:03:42.673 -> (3.2844574451, 3.1964809894, 3.3284456729, 3.2942326068, 3.3186705112, 3.2991201877)
00:03:43.124 -> (3.2893450260, 3.1964809894, 3.3235580921, 3.2942326068, 3.3235580921, 3.3040077686)
00:03:43.576 -> (3.2844574451, 3.2062561511, 3.3284456729, 3.2893450260, 3.3284456729, 3.3040077686)
00:03:44.026 -> (3.2893450260, 3.2160313129, 3.3284456729, 3.2942326068, 3.3284456729, 3.3040077686)
00:03:44.477 -> (3.2942326068, 3.2453567981, 3.3333332538, 3.2991201877, 3.3479959964, 3.3137829303)
00:03:44.927 -> (3.2942326068, 3.2355816364, 3.3333332538, 3.2991201877, 3.3382208347, 3.3040077686)
00:03:45.378 -> (3.3137829303, 3.2013685703, 3.3284456729, 3.2991201877, 3.3333332538, 3.3088953495)
00:03:45.828 -> (3.2893450260, 3.2013685703, 3.3382208347, 3.3040077686, 3.3284456729, 3.3088953495)
00:03:46.279 -> (3.2991201877, 3.1915934085, 3.3284456729, 3.2942326068, 3.3284456729, 3.3186705112)
00:03:46.729 -> (3.2991201877, 3.1769306659, 3.3284456729, 3.2991201877, 3.3235580921, 3.3088953495)
00:03:47.180 -> (3.2991201877, 3.1769306659, 3.3284456729, 3.2942326068, 3.3137829303, 3.3040077686)
00:03:47.631 -> (3.2991201877, 3.1622679233, 3.3284456729, 3.2893450260, 3.3040077686, 3.3040077686)
00:03:48.082 -> (3.2844574451, 3.1622679233, 3.3235580921, 3.2893450260, 3.2991201877, 3.3040077686)
00:03:48.533 -> (3.2893450260, 3.1622679233, 3.3088953495, 3.2844574451, 3.2893450260, 3.2991201877)
00:03:48.983 -> (3.2844574451, 3.1818182468, 3.3284456729, 3.2942326068, 3.3040077686, 3.2991201877)
00:03:49.434 -> (3.2942326068, 3.1964809894, 3.3235580921, 3.2844574451, 3.3235580921, 3.2991201877)
00:03:49.884 -> (3.2844574451, 3.1964809894, 3.3235580921, 3.2942326068, 3.3235580921, 3.3040077686)
00:03:50.335 -> (3.2893450260, 3.2013685703, 3.3284456729, 3.2942326068, 3.3284456729, 3.3040077686)
00:03:50.786 -> (3.2893450260, 3.2111437320, 3.3284456729, 3.2991201877, 3.3382208347, 3.3088953495)
00:03:51.236 -> (3.2942326068, 3.2355816364, 3.3382208347, 3.3040077686, 3.3577711582, 3.3137829303)
00:03:51.687 -> (3.2991201877, 3.2306940555, 3.3284456729, 3.3040077686, 3.3577711582, 3.3137829303)
00:03:52.137 -> (3.2844574451, 3.2013685703, 3.3333332538, 3.3040077686, 3.3479959964, 3.3088953495)
00:03:52.588 -> (3.3040077686, 3.2160313129, 3.3431084156, 3.3088953495, 3.3431084156, 3.3088953495)
00:03:53.039 -> (3.2991201877, 3.1964809894, 3.3333332538, 3.2942326068, 3.3333332538, 3.3088953495)
00:03:53.490 -> (3.2942326068, 3.1867058277, 3.3333332538, 3.2991201877, 3.3284456729, 3.3137829303)
00:03:53.940 -> (3.2942326068, 3.1818182468, 3.3284456729, 3.2991201877, 3.3235580921, 3.3088953495)
00:03:54.391 -> (3.2942326068, 3.1818182468, 3.3235580921, 3.2991201877, 3.3235580921, 3.3088953495)
00:03:54.842 -> (3.2991201877, 3.1573803424, 3.3284456729, 3.2991201877, 3.3088953495, 3.3088953495)
00:03:55.292 -> (3.2844574451, 3.1622679233, 3.3186705112, 3.2942326068, 3.3088953495, 3.3040077686)
00:03:55.743 -> (3.2893450260, 3.1720430850, 3.3088953495, 3.2795698642, 3.2942326068, 3.2893450260)
00:03:56.193 -> (3.2746822834, 3.1867058277, 3.3284456729, 3.2893450260, 3.3088953495, 3.2942326068)
00:03:56.644 -> (3.2893450260, 3.1964809894, 3.3284456729, 3.2893450260, 3.3186705112, 3.3040077686)
00:03:57.095 -> (3.2893450260, 3.2013685703, 3.3284456729, 3.2942326068, 3.3284456729, 3.2991201877)
00:03:57.546 -> (3.2844574451, 3.2062561511, 3.3235580921, 3.2893450260, 3.3284456729, 3.3040077686)
00:03:57.997 -> (3.2942326068, 3.2062561511, 3.3235580921, 3.2942326068, 3.3382208347, 3.2991201877)
00:03:58.447 -> (3.2942326068, 3.2258064746, 3.3333332538, 3.2991201877, 3.3479959964, 3.3088953495)
00:03:58.898 -> (3.2942326068, 3.2404692173, 3.3431084156, 3.3040077686, 3.3528835773, 3.3040077686)
00:03:59.348 -> (3.2942326068, 3.2355816364, 3.3333332538, 3.3040077686, 3.3577711582, 3.3088953495)
00:03:59.799 -> (3.2942326068, 3.2209188938, 3.3479959964, 3.2942326068, 3.3626587390, 3.3088953495)
00:04:00.249 -> (3.3040077686, 3.2013685703, 3.3431084156, 3.2991201877, 3.3479959964, 3.3137829303)
00:04:00.700 -> (3.2991201877, 3.1964809894, 3.3333332538, 3.2991201877, 3.3382208347, 3.3137829303)
00:04:01.152 -> (3.2991201877, 3.1867058277, 3.3333332538, 3.2991201877, 3.3333332538, 3.3137829303)
00:04:01.602 -> (3.2991201877, 3.1818182468, 3.3333332538, 3.2991201877, 3.3235580921, 3.3137829303)
00:04:02.053 -> (3.2991201877, 3.1818182468, 3.3284456729, 3.2991201877, 3.3235580921, 3.3088953495)
00:04:02.503 -> (3.2991201877, 3.1671555042, 3.3235580921, 3.2893450260, 3.3137829303, 3.3040077686)
00:04:02.954 -> (3.2942326068, 3.1671555042, 3.3235580921, 3.2844574451, 3.3088953495, 3.3040077686)
00:04:03.404 -> (3.2893450260, 3.1622679233, 3.3040077686, 3.2795698642, 3.2942326068, 3.2991201877)
00:04:03.855 -> (3.2893450260, 3.1818182468, 3.3577711582, 3.2942326068, 3.2991201877, 3.2942326068)
00:04:04.305 -> (3.2991201877, 3.1964809894, 3.3235580921, 3.2893450260, 3.3235580921, 3.3040077686)
00:04:04.756 -> (3.2893450260, 3.2013685703, 3.3284456729, 3.2844574451, 3.3235580921, 3.2991201877)
00:04:05.207 -> (3.2893450260, 3.2062561511, 3.3284456729, 3.2942326068, 3.3284456729, 3.3040077686)
00:04:05.658 -> (3.2942326068, 3.2111437320, 3.3284456729, 3.2942326068, 3.3333332538, 3.3040077686)
00:04:06.109 -> (3.2942326068, 3.2306940555, 3.3382208347, 3.2942326068, 3.3479959964, 3.3088953495)
00:04:06.559 -> (3.2991201877, 3.2453567981, 3.3333332538, 3.2991201877, 3.3626587390, 3.3040077686)
00:04:07.010 -> (3.2991201877, 3.2355816364, 3.3431084156, 3.2893450260, 3.3479959964, 3.3137829303)
00:04:07.460 -> (3.2942326068, 3.2013685703, 3.3137829303, 3.2942326068, 3.3577711582, 3.3137829303)
00:04:07.911 -> (3.3040077686, 3.1964809894, 3.3382208347, 3.3040077686, 3.3382208347, 3.3088953495)
00:04:08.361 -> (3.3040077686, 3.1915934085, 3.3284456729, 3.2991201877, 3.3333332538, 3.3137829303)
00:04:08.812 -> (3.2942326068, 3.1867058277, 3.3333332538, 3.2991201877, 3.3333332538, 3.3088953495)
00:04:09.263 -> (3.2942326068, 3.1818182468, 3.3333332538, 3.2991201877, 3.3235580921, 3.3137829303)
00:04:09.713 -> (3.2893450260, 3.1867058277, 3.3333332538, 3.2991201877, 3.3235580921, 3.3040077686)
00:04:10.165 -> (3.2844574451, 3.1671555042, 3.3235580921, 3.3088953495, 3.3088953495, 3.2991201877)
00:04:10.615 -> (3.2844574451, 3.1671555042, 3.3479959964, 3.2844574451, 3.2942326068, 3.3040077686)
00:04:11.066 -> (3.2942326068, 3.1915934085, 3.3235580921, 3.2893450260, 3.3186705112, 3.3088953495)
00:04:11.516 -> (3.2893450260, 3.2013685703, 3.3284456729, 3.2942326068, 3.3284456729, 3.3040077686)
00:04:11.967 -> (3.2893450260, 3.2013685703, 3.3284456729, 3.2942326068, 3.3284456729, 3.3040077686)
00:04:12.418 -> (3.2893450260, 3.2111437320, 3.3284456729, 3.2942326068, 3.3333332538, 3.2991201877)
00:04:12.868 -> (3.2942326068, 3.2209188938, 3.3333332538, 3.2942326068, 3.3431084156, 3.3088953495)
00:04:13.319 -> (3.2991201877, 3.2502443790, 3.3382208347, 3.3040077686, 3.3528835773, 3.3137829303)
00:04:13.769 -> (3.2893450260, 3.2404692173, 3.3382208347, 3.3040077686, 3.3675463199, 3.3137829303)
00:04:14.221 -> (3.3040077686, 3.2404692173, 3.3382208347, 3.3137829303, 3.3675463199, 3.3186705112)
00:04:14.671 -> (3.2991201877, 3.2160313129, 3.3431084156, 3.2942326068, 3.3431084156, 3.3137829303)
00:04:15.122 -> (3.3040077686, 3.2013685703, 3.3333332538, 3.3040077686, 3.3382208347, 3.3186705112)
00:04:15.572 -> (3.3040077686, 3.2013685703, 3.3333332538, 3.3040077686, 3.3284456729, 3.3088953495)
00:04:16.023 -> (3.2991201877, 3.1818182468, 3.3333332538, 3.2991201877, 3.3235580921, 3.3088953495)
00:04:16.474 -> (3.2942326068, 3.1964809894, 3.3284456729, 3.2991201877, 3.3186705112, 3.3088953495)
00:04:16.924 -> (3.2893450260, 3.1769306659, 3.3284456729, 3.2942326068, 3.3088953495, 3.3040077686)
00:04:17.375 -> (3.2893450260, 3.1769306659, 3.3284456729, 3.2991201877, 3.3137829303, 3.3040077686)
00:04:17.825 -> (3.2942326068, 3.2062561511, 3.3382208347, 3.2942326068, 3.3186705112, 3.3040077686)
00:04:18.276 -> (3.2893450260, 3.2062561511, 3.3235580921, 3.2893450260, 3.3186705112, 3.2991201877)
00:04:18.727 -> (3.2893450260, 3.2111437320, 3.3235580921, 3.2942326068, 3.3235580921, 3.3040077686)
00:04:19.178 -> (3.2942326068, 3.2111437320, 3.3235580921, 3.2844574451, 3.3333332538, 3.3040077686)
00:04:19.629 -> (3.2893450260, 3.2209188938, 3.3333332538, 3.2942326068, 3.3382208347, 3.3040077686)
00:04:20.079 -> (3.2991201877, 3.2453567981, 3.3333332538, 3.3040077686, 3.3577711582, 3.3137829303)
00:04:20.530 -> (3.2942326068, 3.2404692173, 3.3431084156, 3.3040077686, 3.3528835773, 3.3186705112)
00:04:20.980 -> (3.3040077686, 3.2355816364, 3.3577711582, 3.3088953495, 3.3577711582, 3.3040077686)
00:04:21.431 -> (3.3088953495, 3.2111437320, 3.3382208347, 3.2942326068, 3.3528835773, 3.3137829303)
00:04:21.881 -> (3.3040077686, 3.2013685703, 3.3382208347, 3.2991201877, 3.3382208347, 3.3088953495)
00:04:22.332 -> (3.3040077686, 3.1915934085, 3.3333332538, 3.2991201877, 3.3333332538, 3.3137829303)
00:04:22.784 -> (3.2893450260, 3.1818182468, 3.3382208347, 3.3040077686, 3.3284456729, 3.3186705112)
00:04:23.234 -> (3.2942326068, 3.1818182468, 3.3333332538, 3.2991201877, 3.3235580921, 3.3088953495)
00:04:23.685 -> (3.2893450260, 3.1622679233, 3.3284456729, 3.2893450260, 3.3137829303, 3.3088953495)
00:04:24.135 -> (3.2893450260, 3.1720430850, 3.3186705112, 3.2893450260, 3.3088953495, 3.3040077686)
00:04:24.586 -> (3.2942326068, 3.1671555042, 3.2942326068, 3.2942326068, 3.3235580921, 3.3040077686)
00:04:25.036 -> (3.2746822834, 3.1964809894, 3.3040077686, 3.2991201877, 3.3235580921, 3.3040077686)
00:04:25.487 -> (3.2893450260, 3.2111437320, 3.3284456729, 3.2893450260, 3.3284456729, 3.3088953495)
00:04:25.937 -> (3.2942326068, 3.2111437320, 3.3284456729, 3.2942326068, 3.3333332538, 3.3040077686)
00:04:26.388 -> (3.2893450260, 3.2209188938, 3.3284456729, 3.2942326068, 3.3431084156, 3.3040077686)
00:04:26.839 -> (3.2942326068, 3.2502443790, 3.3382208347, 3.3088953495, 3.3577711582, 3.3137829303)
00:04:27.290 -> (3.3040077686, 3.2404692173, 3.3235580921, 3.3040077686, 3.3626587390, 3.3235580921)
00:04:27.741 -> (3.3040077686, 3.2258064746, 3.3284456729, 3.3088953495, 3.3382208347, 3.3137829303)
00:04:28.191 -> (3.3040077686, 3.2258064746, 3.3479959964, 3.2991201877, 3.3479959964, 3.3137829303)
00:04:28.642 -> (3.3088953495, 3.2013685703, 3.3382208347, 3.2991201877, 3.3382208347, 3.3137829303)
00:04:29.092 -> (3.2991201877, 3.1915934085, 3.3382208347, 3.2991201877, 3.3333332538, 3.3186705112)
00:04:29.543 -> (3.2991201877, 3.1867058277, 3.3284456729, 3.2991201877, 3.3235580921, 3.3137829303)
00:04:29.993 -> (3.2942326068, 3.1671555042, 3.3235580921, 3.2942326068, 3.3137829303, 3.3088953495)
00:04:30.444 -> (3.2942326068, 3.1769306659, 3.3235580921, 3.2844574451, 3.3088953495, 3.2991201877)
00:04:30.895 -> (3.2746822834, 3.2013685703, 3.3577711582, 3.2942326068, 3.3088953495, 3.3137829303)
00:04:31.345 -> (3.2893450260, 3.2062561511, 3.3284456729, 3.2893450260, 3.3284456729, 3.3040077686)
00:04:31.797 -> (3.2942326068, 3.2160313129, 3.3333332538, 3.2942326068, 3.3333332538, 3.3040077686)
00:04:32.247 -> (3.2942326068, 3.2258064746, 3.3333332538, 3.2893450260, 3.3382208347, 3.3040077686)
00:04:32.698 -> (3.2991201877, 3.2453567981, 3.3284456729, 3.2991201877, 3.3577711582, 3.3137829303)
00:04:33.148 -> (3.2991201877, 3.2453567981, 3.3382208347, 3.3040077686, 3.3626587390, 3.3137829303)
00:04:33.599 -> (3.3137829303, 3.2453567981, 3.3186705112, 3.2991201877, 3.3382208347, 3.3137829303)
00:04:34.050 -> (3.2942326068, 3.2258064746, 3.3235580921, 3.3088953495, 3.3431084156, 3.3088953495)
00:04:34.500 -> (3.2942326068, 3.2013685703, 3.3382208347, 3.2942326068, 3.3382208347, 3.3137829303)
00:04:34.951 -> (3.2991201877, 3.1964809894, 3.3382208347, 3.2991201877, 3.3333332538, 3.3137829303)
00:04:35.401 -> (3.2991201877, 3.1964809894, 3.3382208347, 3.2942326068, 3.3333332538, 3.3040077686)
00:04:35.853 -> (3.2942326068, 3.1818182468, 3.3333332538, 3.2991201877, 3.3186705112, 3.3137829303)
00:04:36.303 -> (3.2844574451, 3.1818182468, 3.3333332538, 3.2893450260, 3.3040077686, 3.2991201877)
00:04:36.754 -> (3.2942326068, 3.2013685703, 3.3333332538, 3.2942326068, 3.3137829303, 3.2991201877)
00:04:37.204 -> (3.2844574451, 3.2160313129, 3.3284456729, 3.2942326068, 3.3235580921, 3.3040077686)
00:04:37.655 -> (3.2942326068, 3.2258064746, 3.3284456729, 3.2942326068, 3.3284456729, 3.3088953495)
00:04:38.106 -> (3.2893450260, 3.2306940555, 3.3333332538, 3.2942326068, 3.3382208347, 3.3088953495)
00:04:38.556 -> (3.2991201877, 3.2502443790, 3.3431084156, 3.2844574451, 3.3577711582, 3.3186705112)
00:04:39.007 -> (3.3040077686, 3.2453567981, 3.3333332538, 3.2991201877, 3.3577711582, 3.3186705112)
00:04:39.457 -> (3.3088953495, 3.2355816364, 3.3528835773, 3.3137829303, 3.3479959964, 3.3040077686)
00:04:39.909 -> (3.2942326068, 3.2013685703, 3.3431084156, 3.2991201877, 3.3431084156, 3.3137829303)
00:04:40.359 -> (3.2991201877, 3.1915934085, 3.3333332538, 3.2991201877, 3.3333332538, 3.3137829303)
00:04:40.810 -> (3.2991201877, 3.1915934085, 3.3333332538, 3.3040077686, 3.3235580921, 3.3186705112)
00:04:41.261 -> (3.2942326068, 3.1818182468, 3.3333332538, 3.2942326068, 3.3235580921, 3.3137829303)
00:04:41.711 -> (3.2942326068, 3.1573803424, 3.3284456729, 3.2942326068, 3.3088953495, 3.3088953495)
00:04:42.162 -> (3.2893450260, 3.1622679233, 3.3235580921, 3.2893450260, 3.2991201877, 3.3040077686)
00:04:42.612 -> (3.2942326068, 3.1769306659, 3.3431084156, 3.2844574451, 3.3088953495, 3.3088953495)
00:04:43.063 -> (3.2893450260, 3.2013685703, 3.3284456729, 3.2893450260, 3.3235580921, 3.3088953495)
00:04:43.513 -> (3.2893450260, 3.2013685703, 3.3333332538, 3.2893450260, 3.3235580921, 3.3088953495)
00:04:43.964 -> (3.2942326068, 3.2062561511, 3.3284456729, 3.2942326068, 3.3333332538, 3.3137829303)
00:04:44.416 -> (3.2942326068, 3.2209188938, 3.3333332538, 3.2942326068, 3.3431084156, 3.3186705112)
00:04:44.866 -> (3.3040077686, 3.2404692173, 3.3382208347, 3.3040077686, 3.3577711582, 3.3186705112)
00:04:45.317 -> (3.3040077686, 3.2453567981, 3.3382208347, 3.2991201877, 3.3479959964, 3.3137829303)
00:04:45.767 -> (3.3137829303, 3.2160313129, 3.3528835773, 3.2942326068, 3.3431084156, 3.3137829303)
00:04:46.218 -> (3.3040077686, 3.2111437320, 3.3333332538, 3.3040077686, 3.3333332538, 3.3186705112)
00:04:46.668 -> (3.3040077686, 3.1964809894, 3.3382208347, 3.2942326068, 3.3284456729, 3.3186705112)
00:04:47.119 -> (3.3040077686, 3.1818182468, 3.3284456729, 3.2942326068, 3.3333332538, 3.3137829303)
00:04:47.569 -> (3.2942326068, 3.1867058277, 3.3333332538, 3.2991201877, 3.3235580921, 3.3137829303)
00:04:48.020 -> (3.2942326068, 3.1622679233, 3.3284456729, 3.2942326068, 3.3040077686, 3.3088953495)
00:04:48.472 -> (3.2893450260, 3.1622679233, 3.3235580921, 3.2942326068, 3.3040077686, 3.3040077686)
00:04:48.922 -> (3.2991201877, 3.1769306659, 3.3186705112, 3.2795698642, 3.3137829303, 3.3040077686)
00:04:49.373 -> (3.2893450260, 3.2013685703, 3.3284456729, 3.2893450260, 3.3186705112, 3.3040077686)
00:04:49.823 -> (3.2893450260, 3.2062561511, 3.3235580921, 3.2942326068, 3.3235580921, 3.3088953495)
00:04:50.274 -> (3.2942326068, 3.2111437320, 3.3284456729, 3.2942326068, 3.3235580921, 3.3040077686)
00:04:50.724 -> (3.2893450260, 3.2258064746, 3.3333332538, 3.2844574451, 3.3382208347, 3.3137829303)
00:04:51.175 -> (3.2991201877, 3.2453567981, 3.3284456729, 3.2893450260, 3.3479959964, 3.3137829303)
00:04:51.625 -> (3.3040077686, 3.2404692173, 3.3431084156, 3.2991201877, 3.3528835773, 3.3137829303)
00:04:52.076 -> (3.3137829303, 3.2062561511, 3.3284456729, 3.3040077686, 3.3431084156, 3.3186705112)
00:04:52.528 -> (3.2942326068, 3.1964809894, 3.3333332538, 3.3040077686, 3.3333332538, 3.3186705112)
00:04:52.978 -> (3.2991201877, 3.1915934085, 3.3382208347, 3.2991201877, 3.3284456729, 3.3186705112)
00:04:53.429 -> (3.2991201877, 3.1769306659, 3.3333332538, 3.2942326068, 3.3186705112, 3.3137829303)
00:04:53.879 -> (3.2893450260, 3.1818182468, 3.3333332538, 3.2942326068, 3.3186705112, 3.3088953495)
00:04:54.330 -> (3.2942326068, 3.1622679233, 3.3186705112, 3.2893450260, 3.3040077686, 3.3137829303)
00:04:54.780 -> (3.2991201877, 3.1818182468, 3.3040077686, 3.2746822834, 3.3186705112, 3.3040077686)
00:04:55.231 -> (3.2893450260, 3.1818182468, 3.3235580921, 3.2893450260, 3.3186705112, 3.3040077686)
00:04:55.682 -> (3.2942326068, 3.2013685703, 3.3284456729, 3.2893450260, 3.3235580921, 3.3088953495)
00:04:56.132 -> (3.2942326068, 3.2062561511, 3.3284456729, 3.2942326068, 3.3333332538, 3.3088953495)
00:04:56.584 -> (3.3040077686, 3.2111437320, 3.3333332538, 3.2991201877, 3.3479959964, 3.3186705112)
00:04:57.034 -> (3.2991201877, 3.2355816364, 3.3333332538, 3.3040077686, 3.3577711582, 3.3186705112)
00:04:57.485 -> (3.2991201877, 3.2306940555, 3.3479959964, 3.2942326068, 3.3479959964, 3.3186705112)
00:04:57.935 -> (3.3040077686, 3.1964809894, 3.3431084156, 3.3040077686, 3.3479959964, 3.3186705112)
00:04:58.386 -> (3.2991201877, 3.1964809894, 3.3382208347, 3.2991201877, 3.3333332538, 3.3186705112)
00:04:58.836 -> (3.2991201877, 3.1818182468, 3.3431084156, 3.3040077686, 3.3235580921, 3.3137829303)
00:04:59.287 -> (3.3040077686, 3.1720430850, 3.3382208347, 3.2991201877, 3.3235580921, 3.3040077686)
00:04:59.738 -> (3.2991201877, 3.1818182468, 3.3284456729, 3.2991201877, 3.3186705112, 3.3088953495)
00:05:00.188 -> (3.2893450260, 3.1573803424, 3.3235580921, 3.2942326068, 3.3088953495, 3.3040077686)
00:05:00.640 -> (3.2942326068, 3.1671555042, 3.3088953495, 3.3040077686, 3.3137829303, 3.2991201877)
