00:00:00.010 -> (3.2600195407, 3.1622679233, 3.2942326068, 3.3040077686, 3.2453567981, 3.0987291336)
00:00:00.493 -> (3.2453567981, 3.1622679233, 3.2697947025, 3.3235580921, 3.2355816364, 3.1036167144)
00:00:00.944 -> (3.2551319599, 3.1427175998, 3.2746822834, 3.3088953495, 3.2258064746, 3.0987291336)
00:00:01.394 -> (3.2502443790, 3.1329424381, 3.2746822834, 3.3137829303, 3.2160313129, 3.1036167144)
00:00:01.846 -> (3.2502443790, 3.1329424381, 3.2697947025, 3.3040077686, 3.2111437320, 3.0987291336)
00:00:02.296 -> (3.2404692173, 3.1036167144, 3.2649071216, 3.2991201877, 3.2013685703, 3.0938415527)
00:00:02.747 -> (3.2355816364, 3.1085042953, 3.2697947025, 3.2893450260, 3.1915934085, 3.1036167144)
00:00:03.197 -> (3.2551319599, 3.1182794570, 3.2404692173, 3.2991201877, 3.2160313129, 3.0791788101)
00:00:03.648 -> (3.2355816364, 3.1427175998, 3.2697947025, 3.2991201877, 3.2258064746, 3.1036167144)
00:00:04.099 -> (3.2355816364, 3.1427175998, 3.2697947025, 3.2991201877, 3.2209188938, 3.0938415527)
00:00:04.549 -> (3.2404692173, 3.1524927616, 3.2697947025, 3.2991201877, 3.2306940555, 3.1036167144)
00:00:05.000 -> (3.2453567981, 3.1720430850, 3.2844574451, 3.2991201877, 3.2551319599, 3.1036167144)
00:00:05.450 -> (3.2453567981, 3.1818182468, 3.2795698642, 3.3088953495, 3.2551319599, 3.1133918762)
00:00:05.901 -> (3.2600195407, 3.1622679233, 3.2893450260, 3.3040077686, 3.2209188938, 3.0889539718)
00:00:06.352 -> (3.2355816364, 3.1573803424, 3.2844574451, 3.2991201877, 3.2306940555, 3.1085042953)
00:00:06.803 -> (3.2453567981, 3.1378300189, 3.2795698642, 3.3088953495, 3.2209188938, 3.1085042953)
00:00:07.254 -> (3.2502443790, 3.1280546188, 3.2795698642, 3.3088953495, 3.2160313129, 3.1085042953)
00:00:07.704 -> (3.2404692173, 3.1231670379, 3.2746822834, 3.3088953495, 3.2160313129, 3.1085042953)
00:00:08.155 -> (3.2355816364, 3.1085042953, 3.2649071216, 3.3040077686, 3.1915934085, 3.0987291336)
00:00:08.605 -> (3.2355816364, 3.1182794570, 3.2600195407, 3.2942326068, 3.2013685703, 3.0987291336)
00:00:09.056 -> (3.2209188938, 3.1182794570, 3.2991201877, 3.3040077686, 3.2209188938, 3.0987291336)
00:00:09.506 -> (3.2404692173, 3.1231670379, 3.2355816364, 3.2991201877, 3.2160313129, 3.0987291336)
00:00:09.957 -> (3.2355816364, 3.1378300189, 3.2649071216, 3.2942326068, 3.2209188938, 3.1036167144)
00:00:10.407 -> (3.2404692173, 3.1524927616, 3.2746822834, 3.3040077686, 3.2306940555, 3.0987291336)
00:00:10.859 -> (3.2355816364, 3.1622679233, 3.2649071216, 3.2942326068, 3.2355816364, 3.1133918762)
00:00:11.310 -> (3.2404692173, 3.1818182468, 3.2844574451, 3.3040077686, 3.2551319599, 3.0987291336)
00:00:11.760 -> (3.2453567981, 3.1867058277, 3.2746822834, 3.3040077686, 3.2502443790, 3.1182794570)
00:00:12.211 -> (3.2600195407, 3.1524927616, 3.3040077686, 3.2893450260, 3.2453567981, 3.1133918762)
00:00:12.661 -> (3.2404692173, 3.1573803424, 3.2795698642, 3.3040077686, 3.2306940555, 3.1085042953)
00:00:13.112 -> (3.2404692173, 3.1378300189, 3.2844574451, 3.3088953495, 3.2209188938, 3.1085042953)
00:00:13.562 -> (3.2502443790, 3.1427175998, 3.2746822834, 3.3040077686, 3.2209188938, 3.1085042953)
00:00:14.013 -> (3.2404692173, 3.1329424381, 3.2746822834, 3.3040077686, 3.2160313129, 3.1133918762)
00:00:14.464 -> (3.2404692173, 3.1231670379, 3.2844574451, 3.2991201877, 3.1964809894, 3.0987291336)
00:00:14.915 -> (3.2355816364, 3.1133918762, 3.2600195407, 3.2893450260, 3.1964809894, 3.1085042953)
00:00:15.366 -> (3.2209188938, 3.1329424381, 3.2600195407, 3.3040077686, 3.2258064746, 3.0840663909)
00:00:15.816 -> (3.2306940555, 3.1476051807, 3.2600195407, 3.2942326068, 3.2160313129, 3.1036167144)
00:00:16.267 -> (3.2355816364, 3.1573803424, 3.2649071216, 3.2942326068, 3.2209188938, 3.0987291336)
00:00:16.717 -> (3.2355816364, 3.1573803424, 3.2697947025, 3.2991201877, 3.2258064746, 3.1085042953)
00:00:17.168 -> (3.2306940555, 3.1671555042, 3.2697947025, 3.3040077686, 3.2306940555, 3.1085042953)
00:00:17.618 -> (3.2453567981, 3.1964809894, 3.2844574451, 3.3040077686, 3.2502443790, 3.1182794570)
00:00:18.069 -> (3.2355816364, 3.1818182468, 3.2697947025, 3.3137829303, 3.2502443790, 3.1280546188)
00:00:18.520 -> (3.2355816364, 3.1476051807, 3.2502443790, 3.3235580921, 3.2355816364, 3.1085042953)
00:00:18.970 -> (3.2502443790, 3.1573803424, 3.2649071216, 3.3088953495, 3.2306940555, 3.1182794570)
00:00:19.421 -> (3.2453567981, 3.1427175998, 3.2746822834, 3.3040077686, 3.2258064746, 3.1182794570)
00:00:19.872 -> (3.2453567981, 3.1329424381, 3.2697947025, 3.3088953495, 3.2111437320, 3.1231670379)
00:00:20.323 -> (3.2453567981, 3.1329424381, 3.2746822834, 3.3040077686, 3.2160313129, 3.1133918762)
00:00:20.773 -> (3.2306940555, 3.1133918762, 3.2600195407, 3.2942326068, 3.1964809894, 3.1085042953)
00:00:21.224 -> (3.2306940555, 3.1085042953, 3.2746822834, 3.3040077686, 3.1867058277, 3.1133918762)
00:00:21.675 -> (3.2404692173, 3.1231670379, 3.2844574451, 3.2942326068, 3.2160313129, 3.1182794570)
00:00:22.125 -> (3.2306940555, 3.1476051807, 3.2649071216, 3.2942326068, 3.2160313129, 3.1133918762)
00:00:22.576 -> (3.2355816364, 3.1476051807, 3.2697947025, 3.2991201877, 3.2258064746, 3.1182794570)
00:00:23.026 -> (3.2306940555, 3.1573803424, 3.2697947025, 3.2942326068, 3.2258064746, 3.1231670379)
00:00:23.477 -> (3.2404692173, 3.1867058277, 3.2893450260, 3.2991201877, 3.2453567981, 3.1280546188)
00:00:23.927 -> (3.2404692173, 3.1915934085, 3.2844574451, 3.3040077686, 3.2551319599, 3.1182794570)
00:00:24.379 -> (3.2404692173, 3.1573803424, 3.2746822834, 3.3235580921, 3.2306940555, 3.1280546188)
00:00:24.829 -> (3.2306940555, 3.1622679233, 3.2795698642, 3.3137829303, 3.2209188938, 3.1133918762)
00:00:25.280 -> (3.2404692173, 3.1476051807, 3.2844574451, 3.2991201877, 3.2209188938, 3.1231670379)
00:00:25.731 -> (3.2258064746, 3.1427175998, 3.2746822834, 3.3040077686, 3.2111437320, 3.1231670379)
00:00:26.181 -> (3.3040077686, 3.1573803424, 3.2746822834, 3.2991201877, 3.2111437320, 3.1182794570)
00:00:26.632 -> (3.3235580921, 3.1524927616, 3.2697947025, 3.2991201877, 3.2013685703, 3.0596284866)
00:00:27.082 -> (3.2991201877, 3.1476051807, 3.2697947025, 3.3040077686, 3.1964809894, 3.1280546188)
00:00:27.533 -> (3.2942326068, 3.1427175998, 3.2942326068, 3.3088953495, 3.2209188938, 3.1085042953)
00:00:27.983 -> (3.2893450260, 3.1720430850, 3.2697947025, 3.2942326068, 3.2111437320, 3.1036167144)
00:00:28.435 -> (3.2893450260, 3.1769306659, 3.2746822834, 3.2942326068, 3.2209188938, 3.1329424381)
00:00:28.886 -> (3.3088953495, 3.1769306659, 3.2795698642, 3.2991201877, 3.2258064746, 3.0791788101)
00:00:29.336 -> (3.3088953495, 3.1867058277, 3.2795698642, 3.2991201877, 3.2258064746, 3.1133918762)
00:00:29.787 -> (3.3040077686, 3.2062561511, 3.2649071216, 3.2991201877, 3.2453567981, 3.0498533248)
00:00:30.237 -> (3.3137829303, 3.2062561511, 3.2844574451, 3.3137829303, 3.2453567981, 3.0009775161)
00:00:30.688 -> (3.3040077686, 3.2062561511, 3.2502443790, 3.2942326068, 3.2258064746, 2.9912023544)
00:00:31.138 -> (3.3235580921, 3.1867058277, 3.2893450260, 3.3137829303, 3.2355816364, 3.0009775161)
00:00:31.589 -> (3.3186705112, 3.1769306659, 3.2795698642, 3.3088953495, 3.2258064746, 2.9863147735)
00:00:32.039 -> (3.3186705112, 3.1671555042, 3.2795698642, 3.3040077686, 3.2209188938, 2.9912023544)
00:00:32.491 -> (3.3186705112, 3.1622679233, 3.2795698642, 3.3088953495, 3.2160313129, 3.1085042953)
00:00:32.942 -> (3.3137829303, 3.1622679233, 3.2795698642, 3.2991201877, 3.2160313129, 3.2551319599)
00:00:33.392 -> (3.3088953495, 3.1427175998, 3.2697947025, 3.2991201877, 3.2013685703, 3.2795698642)
00:00:33.843 -> (3.3040077686, 3.1476051807, 3.2795698642, 3.2991201877, 3.2062561511, 3.2795698642)
00:00:34.293 -> (3.2942326068, 3.1427175998, 3.3088953495, 3.3040077686, 3.2209188938, 3.2600195407)
00:00:34.744 -> (3.2991201877, 3.1720430850, 3.2746822834, 3.3088953495, 3.2160313129, 3.2306940555)
00:00:35.194 -> (3.3088953495, 3.1769306659, 3.2795698642, 3.2942326068, 3.2209188938, 3.2697947025)
00:00:35.645 -> (3.3040077686, 3.1818182468, 3.2844574451, 3.3040077686, 3.2209188938, 3.2649071216)
00:00:36.096 -> (3.3088953495, 3.1867058277, 3.2844574451, 3.2942326068, 3.2258064746, 3.2551319599)
00:00:36.546 -> (3.3137829303, 3.1964809894, 3.2844574451, 3.2991201877, 3.2306940555, 3.2111437320)
00:00:36.997 -> (3.3186705112, 3.2111437320, 3.2844574451, 3.3040077686, 3.2551319599, 3.2697947025)
00:00:37.448 -> (3.3137829303, 3.2209188938, 3.2795698642, 3.3088953495, 3.2502443790, 3.2502443790)
00:00:37.899 -> (3.3088953495, 3.2062561511, 3.2844574451, 3.3235580921, 3.2453567981, 3.2551319599)
00:00:38.349 -> (3.3137829303, 3.2062561511, 3.2991201877, 3.3088953495, 3.2355816364, 3.2502443790)
00:00:38.800 -> (3.3235580921, 3.1867058277, 3.2844574451, 3.3040077686, 3.2306940555, 3.1378300189)
00:00:39.250 -> (3.3186705112, 3.1720430850, 3.2893450260, 3.3040077686, 3.2209188938, 3.2111437320)
00:00:39.701 -> (3.3186705112, 3.1720430850, 3.2746822834, 3.3088953495, 3.2160313129, 3.2404692173)
00:00:40.152 -> (3.3137829303, 3.1622679233, 3.2795698642, 3.3088953495, 3.2160313129, 3.2600195407)
00:00:40.602 -> (3.3186705112, 3.1671555042, 3.2844574451, 3.3040077686, 3.2160313129, 3.2306940555)
00:00:41.053 -> (3.3137829303, 3.1378300189, 3.2746822834, 3.2991201877, 3.2062561511, 3.2600195407)
00:00:41.503 -> (3.3137829303, 3.1427175998, 3.2697947025, 3.2991201877, 3.2013685703, 3.2551319599)
00:00:41.955 -> (3.2942326068, 3.1671555042, 3.2991201877, 3.2942326068, 3.1964809894, 3.2453567981)
00:00:42.405 -> (3.3040077686, 3.1671555042, 3.2600195407, 3.2893450260, 3.2209188938, 3.1280546188)
00:00:42.856 -> (3.3040077686, 3.1769306659, 3.2746822834, 3.2991201877, 3.2258064746, 3.2062561511)
00:00:43.307 -> (3.2991201877, 3.1720430850, 3.2795698642, 3.2942326068, 3.2258064746, 3.2111437320)
00:00:43.757 -> (3.3088953495, 3.1818182468, 3.2844574451, 3.3040077686, 3.2306940555, 3.1915934085)
00:00:44.208 -> (3.3040077686, 3.1818182468, 3.2795698642, 3.2991201877, 3.2355816364, 3.1915934085)
00:00:44.658 -> (3.3186705112, 3.2111437320, 3.2697947025, 3.2991201877, 3.2551319599, 3.2306940555)
00:00:45.109 -> (3.3235580921, 3.2111437320, 3.2991201877, 3.3088953495, 3.2502443790, 3.2795698642)
00:00:45.559 -> (3.3137829303, 3.2111437320, 3.2844574451, 3.3235580921, 3.2649071216, 3.2795698642)
00:00:46.011 -> (3.3040077686, 3.1964809894, 3.2893450260, 3.3088953495, 3.2404692173, 3.2649071216)
00:00:46.461 -> (3.3137829303, 3.1720430850, 3.2942326068, 3.3137829303, 3.2209188938, 3.2697947025)
00:00:46.912 -> (3.3137829303, 3.1671555042, 3.2893450260, 3.3040077686, 3.2209188938, 3.2746822834)
00:00:47.363 -> (3.3137829303, 3.1671555042, 3.2795698642, 3.3088953495, 3.2209188938, 3.2942326068)
00:00:47.813 -> (3.3186705112, 3.1573803424, 3.2795698642, 3.3088953495, 3.2111437320, 3.2893450260)
00:00:48.264 -> (3.3137829303, 3.1622679233, 3.2795698642, 3.2991201877, 3.2111437320, 3.2942326068)
00:00:48.714 -> (3.3137829303, 3.1378300189, 3.2844574451, 3.3040077686, 3.1964809894, 3.2649071216)
00:00:49.165 -> (3.3088953495, 3.1427175998, 3.2697947025, 3.2942326068, 3.1964809894, 3.2697947025)
00:00:49.615 -> (3.3137829303, 3.1427175998, 3.2404692173, 3.2893450260, 3.2209188938, 3.2600195407)
00:00:50.066 -> (3.3088953495, 3.1671555042, 3.2844574451, 3.2942326068, 3.2209188938, 3.2502443790)
00:00:50.518 -> (3.3040077686, 3.1720430850, 3.2697947025, 3.2991201877, 3.2258064746, 3.2502443790)
00:00:50.968 -> (3.3040077686, 3.1769306659, 3.2795698642, 3.2942326068, 3.2258064746, 3.2551319599)
00:00:51.419 -> (3.2991201877, 3.1818182468, 3.2795698642, 3.2991201877, 3.2355816364, 3.2551319599)
00:00:51.869 -> (3.3088953495, 3.1867058277, 3.2795698642, 3.3040077686, 3.2502443790, 3.2551319599)
00:00:52.320 -> (3.3040077686, 3.2111437320, 3.2844574451, 3.2991201877, 3.2600195407, 3.2649071216)
00:00:52.770 -> (3.3040077686, 3.1964809894, 3.2746822834, 3.3088953495, 3.2600195407, 3.2600195407)
00:00:53.221 -> (3.3137829303, 3.2013685703, 3.2551319599, 3.2942326068, 3.2551319599, 3.2697947025)
00:00:53.671 -> (3.3088953495, 3.1671555042, 3.2795698642, 3.2991201877, 3.2355816364, 3.2649071216)
00:00:54.122 -> (3.2991201877, 3.1622679233, 3.2746822834, 3.3040077686, 3.2258064746, 3.2649071216)
00:00:54.573 -> (3.3137829303, 3.1671555042, 3.2795698642, 3.3040077686, 3.2209188938, 3.2600195407)
00:00:55.023 -> (3.3088953495, 3.1573803424, 3.2795698642, 3.2991201877, 3.2160313129, 3.2600195407)
00:00:55.475 -> (3.3040077686, 3.1573803424, 3.2795698642, 3.3040077686, 3.2160313129, 3.2551319599)
00:00:55.925 -> (3.3088953495, 3.1378300189, 3.2795698642, 3.2991201877, 3.2013685703, 3.2551319599)
00:00:56.376 -> (3.3284456729, 3.1378300189, 3.2697947025, 3.2991201877, 3.1964809894, 3.2453567981)
00:00:56.826 -> (3.3137829303, 3.1329424381, 3.2404692173, 3.2844574451, 3.1964809894, 3.2404692173)
00:00:57.277 -> (3.2306940555, 3.1329424381, 3.2649071216, 3.2942326068, 3.2160313129, 3.2551319599)
00:00:57.728 -> (3.1573803424, 3.1329424381, 3.2795698642, 3.2942326068, 3.2258064746, 3.2502443790)
00:00:58.178 -> (3.1231670379, 3.1133918762, 3.2795698642, 3.2893450260, 3.2258064746, 3.2551319599)
00:00:58.629 -> (3.1476051807, 3.1427175998, 3.2844574451, 3.3040077686, 3.2355816364, 3.2600195407)
00:00:59.079 -> (3.1671555042, 3.1769306659, 3.3040077686, 3.3040077686, 3.2649071216, 3.2551319599)
00:00:59.531 -> (3.1915934085, 3.1769306659, 3.2942326068, 3.3040077686, 3.2551319599, 3.2649071216)
00:00:59.981 -> (3.2111437320, 3.1671555042, 3.2991201877, 3.3137829303, 3.2600195407, 3.2746822834)
00:01:00.432 -> (3.2013685703, 3.1476051807, 3.2991201877, 3.2991201877, 3.2355816364, 3.2697947025)
00:01:00.882 -> (3.2111437320, 3.1378300189, 3.2844574451, 3.3040077686, 3.2258064746, 3.2697947025)
00:01:01.333 -> (3.2111437320, 3.1280546188, 3.2795698642, 3.3040077686, 3.2160313129, 3.2649071216)
00:01:01.784 -> (3.2062561511, 3.1182794570, 3.2795698642, 3.2991201877, 3.2160313129, 3.2649071216)
00:01:02.234 -> (3.2111437320, 3.1231670379, 3.2795698642, 3.2942326068, 3.2209188938, 3.2649071216)
00:01:02.685 -> (3.2062561511, 3.1036167144, 3.2746822834, 3.2942326068, 3.2013685703, 3.2502443790)
00:01:03.135 -> (3.2111437320, 3.1036167144, 3.2697947025, 3.2991201877, 3.1964809894, 3.2453567981)
00:01:03.586 -> (3.2013685703, 3.1378300189, 3.2795698642, 3.2893450260, 3.2160313129, 3.2600195407)
00:01:04.036 -> (3.2111437320, 3.1329424381, 3.2746822834, 3.2942326068, 3.2258064746, 3.2502443790)
00:01:04.488 -> (3.2062561511, 3.1378300189, 3.2746822834, 3.2942326068, 3.2258064746, 3.2551319599)
00:01:04.939 -> (3.2013685703, 3.1427175998, 3.2746822834, 3.2893450260, 3.2306940555, 3.2600195407)
00:01:05.389 -> (3.2111437320, 3.1524927616, 3.2795698642, 3.2991201877, 3.2404692173, 3.2600195407)
00:01:05.840 -> (3.2160313129, 3.1769306659, 3.2942326068, 3.3040077686, 3.2600195407, 3.2697947025)
00:01:06.290 -> (3.2160313129, 3.1720430850, 3.2893450260, 3.3137829303, 3.2600195407, 3.2697947025)
00:01:06.741 -> (3.2355816364, 3.1427175998, 3.3186705112, 3.3088953495, 3.2502443790, 3.2649071216)
00:01:07.191 -> (3.2111437320, 3.1524927616, 3.2600195407, 3.3137829303, 3.2355816364, 3.2697947025)
00:01:07.642 -> (3.2209188938, 3.1427175998, 3.2746822834, 3.3088953495, 3.2306940555, 3.2697947025)
00:01:08.092 -> (3.2209188938, 3.1378300189, 3.2795698642, 3.2991201877, 3.2209188938, 3.2649071216)
00:01:08.543 -> (3.2111437320, 3.1231670379, 3.2795698642, 3.2991201877, 3.2209188938, 3.2600195407)
00:01:08.995 -> (3.2111437320, 3.1133918762, 3.2746822834, 3.2991201877, 3.2062561511, 3.2600195407)
00:01:09.445 -> (3.2062561511, 3.1133918762, 3.2697947025, 3.2991201877, 3.2062561511, 3.2600195407)
00:01:09.896 -> (3.2013685703, 3.1427175998, 3.2795698642, 3.2746822834, 3.2209188938, 3.2502443790)
00:01:10.346 -> (3.1915934085, 3.1427175998, 3.2893450260, 3.2991201877, 3.2258064746, 3.2551319599)
00:01:10.797 -> (3.2062561511, 3.1476051807, 3.2795698642, 3.2942326068, 3.2355816364, 3.2551319599)
00:01:11.247 -> (3.2160313129, 3.1524927616, 3.2795698642, 3.3040077686, 3.2355816364, 3.2600195407)
00:01:11.698 -> (3.2111437320, 3.1622679233, 3.2795698642, 3.3040077686, 3.2404692173, 3.2600195407)
00:01:12.148 -> (3.2160313129, 3.1964809894, 3.2991201877, 3.2991201877, 3.2649071216, 3.2600195407)
00:01:12.599 -> (3.2209188938, 3.1915934085, 3.2844574451, 3.3137829303, 3.2649071216, 3.2746822834)
00:01:13.050 -> (3.2062561511, 3.1818182468, 3.2991201877, 3.2991201877, 3.2649071216, 3.2697947025)
00:01:13.501 -> (3.2306940555, 3.1524927616, 3.2893450260, 3.3137829303, 3.2306940555, 3.2746822834)
00:01:13.952 -> (3.2258064746, 3.1378300189, 3.2844574451, 3.3088953495, 3.2258064746, 3.2649071216)
00:01:14.402 -> (3.2209188938, 3.1280546188, 3.2795698642, 3.3088953495, 3.2258064746, 3.2649071216)
00:01:14.853 -> (3.2209188938, 3.1280546188, 3.2746822834, 3.3040077686, 3.2209188938, 3.2649071216)
00:01:15.303 -> (3.2160313129, 3.1231670379, 3.2795698642, 3.3040077686, 3.2209188938, 3.2600195407)
00:01:15.754 -> (3.2111437320, 3.0938415527, 3.2746822834, 3.2942326068, 3.2013685703, 3.2551319599)
00:01:16.205 -> (3.2111437320, 3.1133918762, 3.2697947025, 3.2991201877, 3.2062561511, 3.2502443790)
00:01:16.655 -> (3.2258064746, 3.1329424381, 3.3137829303, 3.3088953495, 3.2111437320, 3.2453567981)
00:01:17.106 -> (3.1964809894, 3.1329424381, 3.2649071216, 3.2942326068, 3.2209188938, 3.2502443790)
00:01:17.556 -> (3.2160313129, 3.1476051807, 3.2697947025, 3.2991201877, 3.2306940555, 3.2551319599)
00:01:18.008 -> (3.2111437320, 3.1476051807, 3.2795698642, 3.2991201877, 3.2306940555, 3.2551319599)
00:01:18.458 -> (3.2160313129, 3.1524927616, 3.2795698642, 3.2942326068, 3.2355816364, 3.2600195407)
00:01:18.909 -> (3.2111437320, 3.1573803424, 3.2795698642, 3.2991201877, 3.2404692173, 3.2600195407)
00:01:19.360 -> (3.2111437320, 3.1622679233, 3.2795698642, 3.3040077686, 3.2600195407, 3.2600195407)
00:01:19.810 -> (3.2258064746, 3.1867058277, 3.2746822834, 3.2991201877, 3.2600195407, 3.2697947025)
00:01:20.261 -> (3.2209188938, 3.1769306659, 3.2795698642, 3.3088953495, 3.2600195407, 3.2746822834)
00:01:20.711 -> (3.2258064746, 3.1818182468, 3.2697947025, 3.2991201877, 3.2355816364, 3.2697947025)
00:01:21.162 -> (3.2111437320, 3.1720430850, 3.2942326068, 3.3040077686, 3.2502443790, 3.2649071216)
00:01:21.612 -> (3.2306940555, 3.1573803424, 3.2795698642, 3.3088953495, 3.2355816364, 3.2746822834)
00:01:22.063 -> (3.2258064746, 3.1476051807, 3.2795698642, 3.3040077686, 3.2306940555, 3.2697947025)
00:01:22.513 -> (3.2160313129, 3.1378300189, 3.2697947025, 3.3040077686, 3.2306940555, 3.2697947025)
00:01:22.965 -> (3.2306940555, 3.1378300189, 3.2746822834, 3.3088953495, 3.2209188938, 3.2697947025)
00:01:23.416 -> (3.2160313129, 3.1280546188, 3.2795698642, 3.3040077686, 3.2209188938, 3.2649071216)
00:01:23.866 -> (3.2209188938, 3.1378300189, 3.2795698642, 3.2991201877, 3.2111437320, 3.2649071216)
00:01:24.317 -> (3.2209188938, 3.1133918762, 3.2697947025, 3.2991201877, 3.2062561511, 3.2600195407)
00:01:24.767 -> (3.2111437320, 3.1231670379, 3.2942326068, 3.2991201877, 3.2013685703, 3.2600195407)
00:01:25.218 -> (3.2013685703, 3.1085042953, 3.2942326068, 3.3088953495, 3.2160313129, 3.2453567981)
00:01:25.668 -> (3.2160313129, 3.1182794570, 3.2600195407, 3.2844574451, 3.2062561511, 3.2600195407)
00:01:26.119 -> (3.2160313129, 3.1280546188, 3.2746822834, 3.3040077686, 3.2306940555, 3.2600195407)
00:01:26.569 -> (3.2160313129, 3.1427175998, 3.2746822834, 3.2942326068, 3.2306940555, 3.2600195407)
00:01:27.020 -> (3.2160313129, 3.1427175998, 3.2795698642, 3.2942326068, 3.2306940555, 3.2600195407)
00:01:27.472 -> (3.2111437320, 3.1524927616, 3.2795698642, 3.3040077686, 3.2306940555, 3.2600195407)
00:01:27.922 -> (3.2111437320, 3.1573803424, 3.2795698642, 3.2991201877, 3.2355816364, 3.2600195407)
00:01:28.373 -> (3.2209188938, 3.1671555042, 3.2844574451, 3.2991201877, 3.2453567981, 3.2649071216)
00:01:28.823 -> (3.2258064746, 3.1818182468, 3.2844574451, 3.2991201877, 3.2649071216, 3.2600195407)
00:01:29.274 -> (3.2160313129, 3.1915934085, 3.2697947025, 3.2991201877, 3.2600195407, 3.2697947025)
00:01:29.724 -> (3.2111437320, 3.1964809894, 3.2893450260, 3.3040077686, 3.2600195407, 3.2795698642)
00:01:30.175 -> (3.2355816364, 3.1720430850, 3.3040077686, 3.3235580921, 3.2551319599, 3.2551319599)
00:01:30.626 -> (3.2453567981, 3.1622679233, 3.2893450260, 3.3137829303, 3.2453567981, 3.2697947025)
00:01:31.076 -> (3.2258064746, 3.1573803424, 3.2795698642, 3.3040077686, 3.2355816364, 3.2795698642)
00:01:31.527 -> (3.2209188938, 3.1476051807, 3.2844574451, 3.3040077686, 3.2306940555, 3.2697947025)
00:01:31.977 -> (3.2306940555, 3.1476051807, 3.2844574451, 3.3040077686, 3.2258064746, 3.2649071216)
00:01:32.429 -> (3.2160313129, 3.1427175998, 3.2795698642, 3.2991201877, 3.2209188938, 3.2649071216)
00:01:32.879 -> (3.2111437320, 3.1378300189, 3.2746822834, 3.3040077686, 3.2209188938, 3.2649071216)
00:01:33.330 -> (3.2160313129, 3.1378300189, 3.2795698642, 3.2991201877, 3.2062561511, 3.2697947025)
00:01:33.780 -> (3.2111437320, 3.1231670379, 3.2795698642, 3.2991201877, 3.2111437320, 3.2649071216)
00:01:34.231 -> (3.2209188938, 3.1231670379, 3.2795698642, 3.2893450260, 3.1964809894, 3.2600195407)
00:01:34.682 -> (3.2013685703, 3.1378300189, 3.2306940555, 3.3137829303, 3.2013685703, 3.2649071216)
00:01:35.132 -> (3.2209188938, 3.1524927616, 3.2844574451, 3.2942326068, 3.2306940555, 3.2502443790)
00:01:35.583 -> (3.2062561511, 3.1524927616, 3.2746822834, 3.2893450260, 3.2306940555, 3.2649071216)
00:01:36.033 -> (3.2111437320, 3.1622679233, 3.2746822834, 3.2942326068, 3.2355816364, 3.2600195407)
00:01:36.485 -> (3.2062561511, 3.1671555042, 3.2746822834, 3.2991201877, 3.2355816364, 3.2600195407)
00:01:36.935 -> (3.2062561511, 3.1622679233, 3.2844574451, 3.2991201877, 3.2404692173, 3.2649071216)
00:01:37.386 -> (3.2160313129, 3.1671555042, 3.2795698642, 3.2991201877, 3.2600195407, 3.2649071216)
00:01:37.837 -> (3.2209188938, 3.2013685703, 3.2795698642, 3.2991201877, 3.2649071216, 3.2649071216)
00:01:38.287 -> (3.2209188938, 3.1818182468, 3.2942326068, 3.3040077686, 3.2649071216, 3.2697947025)
00:01:38.738 -> (3.2404692173, 3.1867058277, 3.2551319599, 3.2991201877, 3.2355816364, 3.2795698642)
00:01:39.188 -> (3.2111437320, 3.1573803424, 3.2893450260, 3.3088953495, 3.2502443790, 3.2746822834)
00:01:39.639 -> (3.2258064746, 3.1524927616, 3.2844574451, 3.3040077686, 3.2355816364, 3.2697947025)
00:01:40.089 -> (3.2209188938, 3.1378300189, 3.2844574451, 3.3088953495, 3.2306940555, 3.2697947025)
00:01:40.540 -> (3.2209188938, 3.1427175998, 3.2844574451, 3.3088953495, 3.2306940555, 3.2697947025)
00:01:40.990 -> (3.2209188938, 3.1329424381, 3.2844574451, 3.3040077686, 3.2209188938, 3.2697947025)
00:01:41.442 -> (3.2209188938, 3.1378300189, 3.2746822834, 3.3040077686, 3.2209188938, 3.2649071216)
00:01:41.893 -> (3.2209188938, 3.1182794570, 3.2795698642, 3.2942326068, 3.2062561511, 3.2697947025)
00:01:42.343 -> (3.2111437320, 3.1182794570, 3.2844574451, 3.2942326068, 3.2160313129, 3.2649071216)
00:01:42.794 -> (3.2111437320, 3.1231670379, 3.2795698642, 3.2746822834, 3.2013685703, 3.2502443790)
00:01:43.244 -> (3.2013685703, 3.1231670379, 3.2942326068, 3.2991201877, 3.2258064746, 3.2649071216)
00:01:43.695 -> (3.2013685703, 3.1476051807, 3.2551319599, 3.2991201877, 3.2306940555, 3.2600195407)
00:01:44.145 -> (3.2062561511, 3.1476051807, 3.2795698642, 3.2942326068, 3.2355816364, 3.2649071216)
00:01:44.596 -> (3.2160313129, 3.1573803424, 3.2746822834, 3.2942326068, 3.2355816364, 3.2600195407)
00:01:45.047 -> (3.2160313129, 3.1524927616, 3.2746822834, 3.3040077686, 3.2404692173, 3.2649071216)
00:01:45.498 -> (3.2209188938, 3.1622679233, 3.2697947025, 3.2942326068, 3.2453567981, 3.2649071216)
00:01:45.949 -> (3.2160313129, 3.1671555042, 3.2746822834, 3.2991201877, 3.2453567981, 3.2697947025)
00:01:46.399 -> (3.2209188938, 3.1769306659, 3.2795698642, 3.2991201877, 3.2600195407, 3.2746822834)
00:01:46.850 -> (3.2209188938, 3.1964809894, 3.2893450260, 3.3040077686, 3.2600195407, 3.2746822834)
00:01:47.300 -> (3.2209188938, 3.1769306659, 3.2844574451, 3.3088953495, 3.2649071216, 3.2697947025)
00:01:47.751 -> (3.2258064746, 3.1867058277, 3.2893450260, 3.3137829303, 3.2600195407, 3.2795698642)
00:01:48.201 -> (3.2111437320, 3.1573803424, 3.2404692173, 3.2991201877, 3.2404692173, 3.2746822834)
00:01:48.652 -> (3.2209188938, 3.1524927616, 3.2893450260, 3.2991201877, 3.2404692173, 3.2746822834)
00:01:49.103 -> (3.2258064746, 3.1622679233, 3.2795698642, 3.2991201877, 3.2404692173, 3.2649071216)
00:01:49.553 -> (3.2160313129, 3.1427175998, 3.2746822834, 3.3040077686, 3.2355816364, 3.2697947025)
00:01:50.005 -> (3.2209188938, 3.1427175998, 3.2795698642, 3.3040077686, 3.2355816364, 3.2697947025)
00:01:50.455 -> (3.2258064746, 3.1378300189, 3.2844574451, 3.3088953495, 3.2355816364, 3.2746822834)
00:01:50.906 -> (3.2160313129, 3.1329424381, 3.2795698642, 3.3040077686, 3.2258064746, 3.2746822834)
00:01:51.356 -> (3.2209188938, 3.1280546188, 3.2746822834, 3.3040077686, 3.2258064746, 3.2697947025)
00:01:51.807 -> (3.2160313129, 3.1329424381, 3.2795698642, 3.2991201877, 3.2258064746, 3.2697947025)
00:01:52.258 -> (3.2160313129, 3.1280546188, 3.2795698642, 3.3040077686, 3.2160313129, 3.2697947025)
00:01:52.708 -> (3.2209188938, 3.1085042953, 3.2746822834, 3.2991201877, 3.2062561511, 3.2697947025)
00:01:53.159 -> (3.2062561511, 3.1133918762, 3.2795698642, 3.2942326068, 3.2111437320, 3.2600195407)
00:01:53.609 -> (3.2160313129, 3.1133918762, 3.2746822834, 3.2942326068, 3.2258064746, 3.2551319599)
00:01:54.060 -> (3.2062561511, 3.1378300189, 3.2355816364, 3.2991201877, 3.1964809894, 3.2697947025)
00:01:54.511 -> (3.2209188938, 3.1280546188, 3.2844574451, 3.2942326068, 3.2111437320, 3.2600195407)
00:01:54.962 -> (3.1964809894, 3.1427175998, 3.2795698642, 3.2893450260, 3.2258064746, 3.2600195407)
00:01:55.412 -> (3.2062561511, 3.1524927616, 3.2697947025, 3.2942326068, 3.2306940555, 3.2600195407)
00:01:55.863 -> (3.2160313129, 3.1524927616, 3.2697947025, 3.2942326068, 3.2355816364, 3.2600195407)
00:01:56.314 -> (3.2111437320, 3.1524927616, 3.2697947025, 3.2942326068, 3.2355816364, 3.2697947025)
00:01:56.764 -> (3.2160313129, 3.1622679233, 3.2746822834, 3.2991201877, 3.2453567981, 3.2697947025)
00:01:57.215 -> (3.2209188938, 3.1622679233, 3.2746822834, 3.3040077686, 3.2453567981, 3.2600195407)
00:01:57.665 -> (3.2209188938, 3.1769306659, 3.2795698642, 3.2991201877, 3.2649071216, 3.2697947025)
00:01:58.116 -> (3.2306940555, 3.2013685703, 3.2893450260, 3.3040077686, 3.2697947025, 3.2746822834)
00:01:58.566 -> (3.2209188938, 3.1867058277, 3.2795698642, 3.3040077686, 3.2649071216, 3.2697947025)
00:01:59.018 -> (3.2306940555, 3.1818182468, 3.3088953495, 3.3088953495, 3.2649071216, 3.2795698642)
00:01:59.469 -> (3.2404692173, 3.1622679233, 3.2795698642, 3.2893450260, 3.2502443790, 3.2697947025)
00:01:59.919 -> (3.2306940555, 3.1573803424, 3.2844574451, 3.3040077686, 3.2355816364, 3.2795698642)
00:02:00.370 -> (3.2160313129, 3.1476051807, 3.2746822834, 3.3088953495, 3.2355816364, 3.2746822834)
00:02:00.820 -> (3.2258064746, 3.1378300189, 3.2795698642, 3.3040077686, 3.2355816364, 3.2746822834)
00:02:01.271 -> (3.2209188938, 3.1378300189, 3.2746822834, 3.3040077686, 3.2355816364, 3.2746822834)
00:02:01.721 -> (3.2258064746, 3.1329424381, 3.2746822834, 3.3040077686, 3.2306940555, 3.2697947025)
00:02:02.172 -> (3.2209188938, 3.1329424381, 3.2746822834, 3.2991201877, 3.2306940555, 3.2697947025)
00:02:02.622 -> (3.2209188938, 3.1378300189, 3.2746822834, 3.2991201877, 3.2160313129, 3.2746822834)
00:02:03.073 -> (3.2160313129, 3.1182794570, 3.2746822834, 3.2991201877, 3.2209188938, 3.2746822834)
00:02:03.525 -> (3.2160313129, 3.1231670379, 3.2697947025, 3.2942326068, 3.2111437320, 3.2649071216)
00:02:03.975 -> (3.2160313129, 3.1427175998, 3.2991201877, 3.3137829303, 3.2111437320, 3.2502443790)
00:02:04.426 -> (3.1915934085, 3.1671555042, 3.2844574451, 3.2893450260, 3.2258064746, 3.2649071216)
00:02:04.876 -> (3.2111437320, 3.1427175998, 3.2551319599, 3.2893450260, 3.2258064746, 3.2649071216)
00:02:05.327 -> (3.2160313129, 3.1573803424, 3.2697947025, 3.2991201877, 3.2306940555, 3.2697947025)
00:02:05.777 -> (3.2111437320, 3.1573803424, 3.2697947025, 3.2942326068, 3.2404692173, 3.2697947025)
00:02:06.228 -> (3.2209188938, 3.1622679233, 3.2746822834, 3.2942326068, 3.2404692173, 3.2649071216)
00:02:06.679 -> (3.2160313129, 3.1671555042, 3.2746822834, 3.2991201877, 3.2453567981, 3.2697947025)
00:02:07.129 -> (3.2209188938, 3.1769306659, 3.2746822834, 3.3040077686, 3.2502443790, 3.2795698642)
00:02:07.580 -> (3.2209188938, 3.1867058277, 3.2697947025, 3.2991201877, 3.2697947025, 3.2746822834)
00:02:08.031 -> (3.2258064746, 3.2062561511, 3.2795698642, 3.3088953495, 3.2649071216, 3.2795698642)
00:02:08.482 -> (3.2306940555, 3.1964809894, 3.2697947025, 3.2991201877, 3.2649071216, 3.2697947025)
00:02:08.932 -> (3.2209188938, 3.1915934085, 3.2697947025, 3.3186705112, 3.2795698642, 3.2893450260)
00:02:09.383 -> (3.2306940555, 3.1915934085, 3.3186705112, 3.3137829303, 3.2551319599, 3.2795698642)
00:02:09.833 -> (3.2355816364, 3.1573803424, 3.2942326068, 3.3088953495, 3.2404692173, 3.2795698642)
00:02:10.284 -> (3.2306940555, 3.1573803424, 3.2795698642, 3.3040077686, 3.2404692173, 3.2844574451)
00:02:10.735 -> (3.2258064746, 3.1476051807, 3.2795698642, 3.3088953495, 3.2355816364, 3.2795698642)
00:02:11.185 -> (3.2209188938, 3.1476051807, 3.2795698642, 3.3040077686, 3.2355816364, 3.2795698642)
00:02:11.636 -> (3.2258064746, 3.1427175998, 3.2844574451, 3.3040077686, 3.2306940555, 3.2697947025)
00:02:12.086 -> (3.2209188938, 3.1427175998, 3.2795698642, 3.2991201877, 3.2306940555, 3.2746822834)
00:02:12.537 -> (3.2258064746, 3.1427175998, 3.2795698642, 3.2991201877, 3.2306940555, 3.2697947025)
00:02:12.988 -> (3.2209188938, 3.1182794570, 3.2795698642, 3.2991201877, 3.2160313129, 3.2697947025)
00:02:13.439 -> (3.2160313129, 3.1280546188, 3.2746822834, 3.2942326068, 3.2160313129, 3.2697947025)
00:02:13.890 -> (3.2160313129, 3.1182794570, 3.2600195407, 3.2844574451, 3.2062561511, 3.2502443790)
00:02:14.340 -> (3.2258064746, 3.1231670379, 3.2844574451, 3.2991201877, 3.2258064746, 3.2697947025)
00:02:14.791 -> (3.2209188938, 3.1378300189, 3.2697947025, 3.2942326068, 3.2404692173, 3.2697947025)
00:02:15.241 -> (3.2062561511, 3.1524927616, 3.2649071216, 3.2991201877, 3.2404692173, 3.2697947025)
00:02:15.692 -> (3.2209188938, 3.1573803424, 3.2746822834, 3.2893450260, 3.2404692173, 3.2697947025)
00:02:16.142 -> (3.2111437320, 3.1622679233, 3.2697947025, 3.2991201877, 3.2453567981, 3.2697947025)
00:02:16.593 -> (3.2160313129, 3.1720430850, 3.2795698642, 3.2942326068, 3.2453567981, 3.2746822834)
00:02:17.043 -> (3.2258064746, 3.1769306659, 3.2746822834, 3.2942326068, 3.2600195407, 3.2746822834)
00:02:17.495 -> (3.2209188938, 3.2013685703, 3.2942326068, 3.3040077686, 3.2697947025, 3.2746822834)
00:02:17.946 -> (3.2306940555, 3.2013685703, 3.2991201877, 3.3088953495, 3.2697947025, 3.2795698642)
00:02:18.396 -> (3.2160313129, 3.1769306659, 3.2453567981, 3.3088953495, 3.2746822834, 3.2893450260)
00:02:18.847 -> (3.2160313129, 3.1818182468, 3.2746822834, 3.3088953495, 3.2502443790, 3.2795698642)
00:02:19.297 -> (3.2160313129, 3.1671555042, 3.2844574451, 3.2991201877, 3.2404692173, 3.2746822834)
00:02:19.748 -> (3.2209188938, 3.1622679233, 3.2795698642, 3.2991201877, 3.2355816364, 3.2795698642)
00:02:20.198 -> (3.2258064746, 3.1524927616, 3.2795698642, 3.3040077686, 3.2306940555, 3.2795698642)
00:02:20.649 -> (3.2258064746, 3.1427175998, 3.2844574451, 3.2991201877, 3.2306940555, 3.2746822834)
00:02:21.100 -> (3.2258064746, 3.1476051807, 3.2697947025, 3.2942326068, 3.2160313129, 3.2697947025)
00:02:21.551 -> (3.2111437320, 3.1231670379, 3.2746822834, 3.2991201877, 3.2209188938, 3.2649071216)
00:02:22.002 -> (3.2160313129, 3.1329424381, 3.2795698642, 3.2991201877, 3.2062561511, 3.2600195407)
00:02:22.452 -> (3.2306940555, 3.1476051807, 3.2746822834, 3.2893450260, 3.2306940555, 3.2697947025)
00:02:22.903 -> (3.2160313129, 3.1769306659, 3.2746822834, 3.2893450260, 3.2404692173, 3.2697947025)
00:02:23.353 -> (3.2062561511, 3.1720430850, 3.2746822834, 3.2942326068, 3.2404692173, 3.2649071216)
00:02:23.804 -> (3.2209188938, 3.1720430850, 3.2746822834, 3.2991201877, 3.2453567981, 3.2697947025)
00:02:24.254 -> (3.2111437320, 3.1769306659, 3.2795698642, 3.2991201877, 3.2453567981, 3.2746822834)
00:02:24.705 -> (3.2258064746, 3.1964809894, 3.2795698642, 3.2991201877, 3.2697947025, 3.2746822834)
00:02:25.156 -> (3.2160313129, 3.2111437320, 3.2795698642, 3.3040077686, 3.2697947025, 3.2795698642)
00:02:25.607 -> (3.2209188938, 3.1964809894, 3.2893450260, 3.3040077686, 3.2746822834, 3.2795698642)
00:02:26.058 -> (3.2258064746, 3.2062561511, 3.3040077686, 3.3137829303, 3.2746822834, 3.2795698642)
00:02:26.508 -> (3.2258064746, 3.1671555042, 3.2697947025, 3.3088953495, 3.2600195407, 3.2844574451)
00:02:26.959 -> (3.2306940555, 3.1622679233, 3.2844574451, 3.3088953495, 3.2453567981, 3.2795698642)
00:02:27.409 -> (3.2160313129, 3.1573803424, 3.2795698642, 3.3040077686, 3.2404692173, 3.2795698642)
00:02:27.860 -> (3.2258064746, 3.1573803424, 3.2844574451, 3.2991201877, 3.2355816364, 3.2844574451)
00:02:28.311 -> (3.2209188938, 3.1378300189, 3.2795698642, 3.2991201877, 3.2306940555, 3.2697947025)
00:02:28.761 -> (3.2209188938, 3.1476051807, 3.2844574451, 3.3040077686, 3.2306940555, 3.2795698642)
00:02:29.212 -> (3.2209188938, 3.1231670379, 3.2795698642, 3.2991201877, 3.2160313129, 3.2746822834)
00:02:29.662 -> (3.2160313129, 3.1280546188, 3.2649071216, 3.2942326068, 3.2160313129, 3.2697947025)
00:02:30.114 -> (3.2209188938, 3.1280546188, 3.2697947025, 3.2991201877, 3.2111437320, 3.2649071216)
00:02:30.564 -> (3.2111437320, 3.1182794570, 3.2404692173, 3.2795698642, 3.2258064746, 3.2697947025)
00:02:31.015 -> (3.2160313129, 3.1524927616, 3.2893450260, 3.2942326068, 3.2404692173, 3.2746822834)
00:02:31.465 -> (3.2160313129, 3.1524927616, 3.2746822834, 3.2942326068, 3.2404692173, 3.2746822834)
00:02:31.916 -> (3.2160313129, 3.1622679233, 3.2795698642, 3.2991201877, 3.2404692173, 3.2746822834)
00:02:32.367 -> (3.2160313129, 3.1671555042, 3.2746822834, 3.2991201877, 3.2453567981, 3.2746822834)
00:02:32.817 -> (3.2209188938, 3.1720430850, 3.2795698642, 3.2991201877, 3.2502443790, 3.2746822834)
00:02:33.268 -> (3.2306940555, 3.1867058277, 3.2942326068, 3.2991201877, 3.2697947025, 3.2795698642)
00:02:33.718 -> (3.2306940555, 3.2062561511, 3.2893450260, 3.2942326068, 3.2697947025, 3.2795698642)
00:02:34.170 -> (3.2306940555, 3.2013685703, 3.2893450260, 3.3088953495, 3.2697947025, 3.2746822834)
00:02:34.620 -> (3.2258064746, 3.1915934085, 3.2600195407, 3.3137829303, 3.2600195407, 3.2795698642)
00:02:35.071 -> (3.2209188938, 3.1818182468, 3.2991201877, 3.2942326068, 3.2551319599, 3.2844574451)
00:02:35.522 -> (3.2209188938, 3.1720430850, 3.2795698642, 3.3040077686, 3.2453567981, 3.2844574451)
00:02:35.972 -> (3.2355816364, 3.1671555042, 3.2844574451, 3.3040077686, 3.2404692173, 3.2844574451)
00:02:36.423 -> (3.2404692173, 3.1524927616, 3.2746822834, 3.3040077686, 3.2404692173, 3.2795698642)
00:02:36.873 -> (3.2355816364, 3.1476051807, 3.2746822834, 3.2991201877, 3.2306940555, 3.2795698642)
00:02:37.324 -> (3.2258064746, 3.1476051807, 3.2795698642, 3.3040077686, 3.2306940555, 3.2746822834)
00:02:37.774 -> (3.2258064746, 3.1524927616, 3.2746822834, 3.2991201877, 3.2209188938, 3.2697947025)
00:02:38.225 -> (3.2258064746, 3.1231670379, 3.2795698642, 3.2942326068, 3.2209188938, 3.2746822834)
00:02:38.676 -> (3.2306940555, 3.1329424381, 3.2746822834, 3.2942326068, 3.2160313129, 3.2795698642)
00:02:39.127 -> (3.2355816364, 3.1378300189, 3.2404692173, 3.2795698642, 3.2111437320, 3.2649071216)
00:02:39.578 -> (3.2306940555, 3.1427175998, 3.2893450260, 3.2893450260, 3.2355816364, 3.2697947025)
00:02:40.028 -> (3.2306940555, 3.1622679233, 3.2746822834, 3.2942326068, 3.2404692173, 3.2746822834)
00:02:40.479 -> (3.2306940555, 3.1573803424, 3.2795698642, 3.2942326068, 3.2404692173, 3.2697947025)
00:02:40.929 -> (3.2258064746, 3.1671555042, 3.2844574451, 3.2942326068, 3.2453567981, 3.2795698642)
00:02:41.380 -> (3.2306940555, 3.1720430850, 3.2844574451, 3.2942326068, 3.2502443790, 3.2795698642)
00:02:41.830 -> (3.2306940555, 3.1720430850, 3.2795698642, 3.3040077686, 3.2502443790, 3.2746822834)
00:02:42.281 -> (3.2404692173, 3.2013685703, 3.2844574451, 3.3040077686, 3.2746822834, 3.2844574451)
00:02:42.733 -> (3.2404692173, 3.2013685703, 3.2942326068, 3.2991201877, 3.2746822834, 3.2844574451)
00:02:43.183 -> (3.2404692173, 3.1915934085, 3.2795698642, 3.3088953495, 3.2697947025, 3.2844574451)
00:02:43.634 -> (3.2258064746, 3.1769306659, 3.2551319599, 3.2991201877, 3.2404692173, 3.2795698642)
00:02:44.084 -> (3.2355816364, 3.1769306659, 3.2991201877, 3.2942326068, 3.2551319599, 3.2942326068)
00:02:44.535 -> (3.2209188938, 3.1671555042, 3.2844574451, 3.3040077686, 3.2453567981, 3.2893450260)
00:02:44.985 -> (3.2404692173, 3.1622679233, 3.2844574451, 3.3040077686, 3.2404692173, 3.2844574451)
00:02:45.436 -> (3.2404692173, 3.1622679233, 3.2893450260, 3.3040077686, 3.2355816364, 3.2893450260)
00:02:45.886 -> (3.2404692173, 3.1476051807, 3.2844574451, 3.3040077686, 3.2306940555, 3.2844574451)
00:02:46.337 -> (3.2404692173, 3.1476051807, 3.2893450260, 3.2991201877, 3.2306940555, 3.2795698642)
00:02:46.789 -> (3.2355816364, 3.1476051807, 3.2844574451, 3.2991201877, 3.2355816364, 3.2795698642)
00:02:47.239 -> (3.2306940555, 3.1231670379, 3.2795698642, 3.2942326068, 3.2209188938, 3.2746822834)
00:02:47.690 -> (3.2306940555, 3.1280546188, 3.2795698642, 3.2942326068, 3.2209188938, 3.2746822834)
00:02:48.140 -> (3.2258064746, 3.1329424381, 3.2746822834, 3.2844574451, 3.2355816364, 3.2697947025)
00:02:48.591 -> (3.2062561511, 3.1329424381, 3.2600195407, 3.2942326068, 3.2160313129, 3.2795698642)
00:02:49.041 -> (3.2355816364, 3.1573803424, 3.2844574451, 3.2893450260, 3.2209188938, 3.2746822834)
00:02:49.492 -> (3.2306940555, 3.1671555042, 3.2746822834, 3.2942326068, 3.2355816364, 3.2746822834)
00:02:49.943 -> (3.2258064746, 3.1720430850, 3.2844574451, 3.2991201877, 3.2453567981, 3.2746822834)
00:02:50.393 -> (3.2306940555, 3.1671555042, 3.2844574451, 3.2991201877, 3.2404692173, 3.2746822834)
00:02:50.845 -> (3.2258064746, 3.1769306659, 3.2844574451, 3.2942326068, 3.2453567981, 3.2746822834)
00:02:51.295 -> (3.2306940555, 3.1769306659, 3.2844574451, 3.2991201877, 3.2502443790, 3.2795698642)
00:02:51.746 -> (3.2355816364, 3.1769306659, 3.2893450260, 3.2942326068, 3.2600195407, 3.2746822834)
00:02:52.196 -> (3.2355816364, 3.2062561511, 3.2942326068, 3.3040077686, 3.2746822834, 3.2795698642)
00:02:52.647 -> (3.2355816364, 3.2111437320, 3.2991201877, 3.3088953495, 3.2746822834, 3.2844574451)
00:02:53.097 -> (3.2453567981, 3.2111437320, 3.2942326068, 3.2991201877, 3.2844574451, 3.2942326068)
00:02:53.548 -> (3.2355816364, 3.1867058277, 3.2649071216, 3.3088953495, 3.2600195407, 3.2893450260)
00:02:53.999 -> (3.2404692173, 3.1818182468, 3.2942326068, 3.3040077686, 3.2600195407, 3.2795698642)
00:02:54.449 -> (3.2355816364, 3.1769306659, 3.2942326068, 3.3040077686, 3.2404692173, 3.2844574451)
00:02:54.900 -> (3.2404692173, 3.1671555042, 3.2893450260, 3.3040077686, 3.2404692173, 3.2844574451)
00:02:55.351 -> (3.2355816364, 3.1573803424, 3.2844574451, 3.3040077686, 3.2306940555, 3.2844574451)
00:02:55.802 -> (3.2404692173, 3.1524927616, 3.2893450260, 3.3040077686, 3.2355816364, 3.2795698642)
00:02:56.252 -> (3.2355816364, 3.1476051807, 3.2795698642, 3.3040077686, 3.2355816364, 3.2795698642)
00:02:56.703 -> (3.2306940555, 3.1476051807, 3.2795698642, 3.2991201877, 3.2306940555, 3.2844574451)
00:02:57.154 -> (3.2306940555, 3.1231670379, 3.2746822834, 3.2991201877, 3.2160313129, 3.2795698642)
00:02:57.604 -> (3.2258064746, 3.1280546188, 3.2795698642, 3.2942326068, 3.2111437320, 3.2746822834)
00:02:58.055 -> (3.2111437320, 3.1182794570, 3.2649071216, 3.3040077686, 3.2355816364, 3.2649071216)
00:02:58.505 -> (3.2404692173, 3.1378300189, 3.2746822834, 3.2991201877, 3.2306940555, 3.2746822834)
00:02:58.956 -> (3.2306940555, 3.1622679233, 3.2844574451, 3.2893450260, 3.2404692173, 3.2746822834)
00:02:59.407 -> (3.2258064746, 3.1622679233, 3.2795698642, 3.2942326068, 3.2404692173, 3.2795698642)
00:02:59.858 -> (3.2258064746, 3.1720430850, 3.2844574451, 3.2942326068, 3.2404692173, 3.2795698642)
00:03:00.308 -> (3.2306940555, 3.1720430850, 3.2844574451, 3.2942326068, 3.2502443790, 3.2746822834)
00:03:00.759 -> (3.2355816364, 3.1769306659, 3.2795698642, 3.2942326068, 3.2502443790, 3.2746822834)
00:03:01.210 -> (3.2209188938, 3.2013685703, 3.2795698642, 3.3088953495, 3.2649071216, 3.2844574451)
00:03:01.660 -> (3.2355816364, 3.1915934085, 3.2942326068, 3.2991201877, 3.2746822834, 3.2893450260)
00:03:02.111 -> (3.2355816364, 3.1867058277, 3.2844574451, 3.3137829303, 3.2746822834, 3.2991201877)
00:03:02.561 -> (3.2502443790, 3.1720430850, 3.2844574451, 3.3040077686, 3.2551319599, 3.2893450260)
00:03:03.012 -> (3.2453567981, 3.1622679233, 3.2893450260, 3.3040077686, 3.2453567981, 3.2844574451)
00:03:03.462 -> (3.2404692173, 3.1573803424, 3.2844574451, 3.3088953495, 3.2453567981, 3.2893450260)
00:03:03.914 -> (3.2404692173, 3.1524927616, 3.2942326068, 3.3088953495, 3.2355816364, 3.2844574451)
00:03:04.365 -> (3.2404692173, 3.1427175998, 3.2844574451, 3.2991201877, 3.2306940555, 3.2844574451)
00:03:04.815 -> (3.2355816364, 3.1524927616, 3.2844574451, 3.2991201877, 3.2355816364, 3.2844574451)
00:03:05.266 -> (3.2404692173, 3.1280546188, 3.2942326068, 3.2991201877, 3.2160313129, 3.2795698642)
00:03:05.716 -> (3.2306940555, 3.1427175998, 3.2795698642, 3.2893450260, 3.2160313129, 3.2795698642)
00:03:06.167 -> (3.2453567981, 3.1280546188, 3.2404692173, 3.2746822834, 3.2355816364, 3.2795698642)
00:03:06.617 -> (3.2306940555, 3.1573803424, 3.2600195407, 3.2893450260, 3.2306940555, 3.2649071216)
00:03:07.068 -> (3.2306940555, 3.1622679233, 3.2844574451, 3.2942326068, 3.2355816364, 3.2746822834)
00:03:07.518 -> (3.2306940555, 3.1720430850, 3.2795698642, 3.2893450260, 3.2453567981, 3.2795698642)
00:03:07.969 -> (3.2306940555, 3.1671555042, 3.2844574451, 3.2942326068, 3.2453567981, 3.2697947025)
00:03:08.421 -> (3.2355816364, 3.1769306659, 3.2844574451, 3.2942326068, 3.2551319599, 3.2844574451)
00:03:08.871 -> (3.2306940555, 3.2013685703, 3.2697947025, 3.3040077686, 3.2697947025, 3.2844574451)
00:03:09.322 -> (3.2355816364, 3.2013685703, 3.2942326068, 3.3088953495, 3.2649071216, 3.2844574451)
00:03:09.772 -> (3.2355816364, 3.1867058277, 3.3088953495, 3.3186705112, 3.2795698642, 3.2942326068)
00:03:10.223 -> (3.2306940555, 3.1720430850, 3.2746822834, 3.2991201877, 3.2551319599, 3.2844574451)
00:03:10.673 -> (3.2453567981, 3.1573803424, 3.2893450260, 3.3040077686, 3.2404692173, 3.2844574451)
00:03:11.124 -> (3.2453567981, 3.1524927616, 3.2893450260, 3.3040077686, 3.2209188938, 3.2893450260)
00:03:11.575 -> (3.2355816364, 3.1427175998, 3.2844574451, 3.2991201877, 3.2111437320, 3.2844574451)
00:03:12.025 -> (3.2355816364, 3.1427175998, 3.2844574451, 3.2991201877, 3.2062561511, 3.2844574451)
00:03:12.476 -> (3.2306940555, 3.1524927616, 3.2844574451, 3.2991201877, 3.1964809894, 3.2795698642)
00:03:12.927 -> (3.2306940555, 3.1329424381, 3.2795698642, 3.2942326068, 3.1964809894, 3.2795698642)
00:03:13.378 -> (3.2306940555, 3.1280546188, 3.2649071216, 3.2942326068, 3.2013685703, 3.2844574451)
00:03:13.828 -> (3.2209188938, 3.1476051807, 3.2893450260, 3.2942326068, 3.1964809894, 3.2746822834)
00:03:14.279 -> (3.2306940555, 3.1524927616, 3.2844574451, 3.2942326068, 3.2160313129, 3.2795698642)
00:03:14.729 -> (3.2258064746, 3.1671555042, 3.2844574451, 3.2942326068, 3.2209188938, 3.2795698642)
00:03:15.180 -> (3.2355816364, 3.1769306659, 3.2844574451, 3.2942326068, 3.2209188938, 3.2746822834)
00:03:15.631 -> (3.2404692173, 3.1720430850, 3.2893450260, 3.2942326068, 3.2258064746, 3.2795698642)
00:03:16.081 -> (3.2404692173, 3.2013685703, 3.2795698642, 3.2991201877, 3.2453567981, 3.2844574451)
00:03:16.532 -> (3.2404692173, 3.2111437320, 3.2991201877, 3.3088953495, 3.2453567981, 3.2844574451)
00:03:16.983 -> (3.2453567981, 3.2013685703, 3.3137829303, 3.2991201877, 3.2404692173, 3.2844574451)
00:03:17.434 -> (3.2306940555, 3.1867058277, 3.2844574451, 3.3137829303, 3.2306940555, 3.2795698642)
00:03:17.884 -> (3.2502443790, 3.1818182468, 3.2893450260, 3.3040077686, 3.2209188938, 3.2942326068)
00:03:18.335 -> (3.2453567981, 3.1622679233, 3.2893450260, 3.3040077686, 3.2209188938, 3.2844574451)
00:03:18.786 -> (3.2404692173, 3.1524927616, 3.2942326068, 3.3040077686, 3.2160313129, 3.2893450260)
00:03:19.236 -> (3.2404692173, 3.1524927616, 3.2844574451, 3.3040077686, 3.2160313129, 3.2795698642)
00:03:19.687 -> (3.2355816364, 3.1427175998, 3.2697947025, 3.2991201877, 3.1964809894, 3.2795698642)
00:03:20.137 -> (3.2306940555, 3.1329424381, 3.2795698642, 3.2942326068, 3.1867058277, 3.2795698642)
00:03:20.588 -> (3.2355816364, 3.1280546188, 3.2551319599, 3.2991201877, 3.2013685703, 3.2649071216)
00:03:21.038 -> (3.2306940555, 3.1524927616, 3.2746822834, 3.2893450260, 3.2062561511, 3.2697947025)
00:03:21.490 -> (3.2258064746, 3.1671555042, 3.2795698642, 3.2942326068, 3.2111437320, 3.2795698642)
00:03:21.940 -> (3.2355816364, 3.1720430850, 3.2844574451, 3.2942326068, 3.2209188938, 3.2746822834)
00:03:22.391 -> (3.2209188938, 3.1769306659, 3.2844574451, 3.2942326068, 3.2209188938, 3.2844574451)
00:03:22.842 -> (3.2355816364, 3.1867058277, 3.2795698642, 3.2942326068, 3.2404692173, 3.2844574451)
00:03:23.292 -> (3.2355816364, 3.2160313129, 3.2942326068, 3.2991201877, 3.2453567981, 3.2795698642)
00:03:23.743 -> (3.2453567981, 3.2062561511, 3.3137829303, 3.2893450260, 3.2355816364, 3.2942326068)
00:03:24.193 -> (3.2209188938, 3.1867058277, 3.2942326068, 3.3040077686, 3.2355816364, 3.2893450260)
00:03:24.644 -> (3.2404692173, 3.1622679233, 3.2893450260, 3.3040077686, 3.2209188938, 3.2893450260)
00:03:25.094 -> (3.2404692173, 3.1622679233, 3.2942326068, 3.2991201877, 3.2160313129, 3.2893450260)
00:03:25.546 -> (3.2404692173, 3.1524927616, 3.2893450260, 3.3040077686, 3.2111437320, 3.2844574451)
00:03:25.997 -> (3.2404692173, 3.1476051807, 3.2844574451, 3.2991201877, 3.2062561511, 3.2844574451)
00:03:26.447 -> (3.2306940555, 3.1280546188, 3.2844574451, 3.2942326068, 3.1964809894, 3.2795698642)
00:03:26.898 -> (3.2258064746, 3.1378300189, 3.2795698642, 3.2893450260, 3.1964809894, 3.2795698642)
00:03:27.348 -> (3.2453567981, 3.1280546188, 3.2404692173, 3.3088953495, 3.1915934085, 3.2844574451)
00:03:27.799 -> (3.2355816364, 3.1524927616, 3.2746822834, 3.2893450260, 3.2111437320, 3.2746822834)
00:03:28.249 -> (3.2306940555, 3.1720430850, 3.2844574451, 3.2942326068, 3.2209188938, 3.2795698642)
00:03:28.700 -> (3.2355816364, 3.1671555042, 3.2844574451, 3.2991201877, 3.2258064746, 3.2844574451)
00:03:29.150 -> (3.2306940555, 3.1818182468, 3.2844574451, 3.2991201877, 3.2258064746, 3.2795698642)
00:03:29.601 -> (3.2355816364, 3.1964809894, 3.2942326068, 3.3040077686, 3.2502443790, 3.2893450260)
00:03:30.053 -> (3.2355816364, 3.2111437320, 3.2991201877, 3.3088953495, 3.2502443790, 3.2893450260)
00:03:30.503 -> (3.2453567981, 3.2013685703, 3.3137829303, 3.3137829303, 3.2258064746, 3.2942326068)
00:03:30.954 -> (3.2551319599, 3.1818182468, 3.2991201877, 3.3040077686, 3.2404692173, 3.2844574451)
00:03:31.404 -> (3.2453567981, 3.1622679233, 3.2893450260, 3.3040077686, 3.2258064746, 3.2893450260)
00:03:31.855 -> (3.2453567981, 3.1573803424, 3.2893450260, 3.3040077686, 3.2209188938, 3.2942326068)
00:03:32.305 -> (3.2404692173, 3.1524927616, 3.2893450260, 3.3040077686, 3.2111437320, 3.2844574451)
00:03:32.756 -> (3.2404692173, 3.1476051807, 3.2893450260, 3.2942326068, 3.2209188938, 3.2893450260)
00:03:33.207 -> (3.2355816364, 3.1329424381, 3.2844574451, 3.2991201877, 3.2013685703, 3.2795698642)
00:03:33.657 -> (3.2355816364, 3.1280546188, 3.2746822834, 3.2942326068, 3.2013685703, 3.2697947025)
00:03:34.108 -> (3.2355816364, 3.1427175998, 3.2697947025, 3.2893450260, 3.2209188938, 3.2844574451)
00:03:34.559 -> (3.2306940555, 3.1671555042, 3.2893450260, 3.2942326068, 3.2258064746, 3.2795698642)
00:03:35.010 -> (3.2355816364, 3.1671555042, 3.2844574451, 3.2942326068, 3.2306940555, 3.2844574451)
00:03:35.460 -> (3.2355816364, 3.1720430850, 3.2893450260, 3.2942326068, 3.2355816364, 3.2844574451)
00:03:35.911 -> (3.2453567981, 3.1915934085, 3.2893450260, 3.3040077686, 3.2502443790, 3.2844574451)
00:03:36.361 -> (3.2453567981, 3.2013685703, 3.2942326068, 3.3040077686, 3.2551319599, 3.2942326068)
00:03:36.812 -> (3.2502443790, 3.1867058277, 3.2991201877, 3.3137829303, 3.2551319599, 3.3040077686)
00:03:37.263 -> (3.2355816364, 3.1671555042, 3.2991201877, 3.2991201877, 3.2453567981, 3.2942326068)
00:03:37.713 -> (3.2453567981, 3.1622679233, 3.2893450260, 3.3040077686, 3.2306940555, 3.2893450260)
00:03:38.164 -> (3.2404692173, 3.1573803424, 3.2942326068, 3.3040077686, 3.2258064746, 3.2893450260)
00:03:38.614 -> (3.2404692173, 3.1573803424, 3.2893450260, 3.3040077686, 3.2209188938, 3.2893450260)
00:03:39.065 -> (3.2404692173, 3.1622679233, 3.2893450260, 3.2991201877, 3.2160313129, 3.2893450260)
00:03:39.516 -> (3.2355816364, 3.1427175998, 3.2844574451, 3.2942326068, 3.2111437320, 3.2844574451)
00:03:39.967 -> (3.2258064746, 3.1182794570, 3.2697947025, 3.2942326068, 3.2062561511, 3.2795698642)
00:03:40.418 -> (3.2258064746, 3.1573803424, 3.2746822834, 3.2893450260, 3.2160313129, 3.2795698642)
00:03:40.868 -> (3.2258064746, 3.1622679233, 3.2893450260, 3.2942326068, 3.2306940555, 3.2795698642)
00:03:41.319 -> (3.2404692173, 3.1720430850, 3.2844574451, 3.2942326068, 3.2355816364, 3.2795698642)
00:03:41.769 -> (3.2306940555, 3.1769306659, 3.2893450260, 3.2942326068, 3.2404692173, 3.2844574451)
00:03:42.220 -> (3.2404692173, 3.2013685703, 3.3088953495, 3.3040077686, 3.2600195407, 3.2893450260)
00:03:42.670 -> (3.2551319599, 3.2209188938, 3.3040077686, 3.2991201877, 3.2600195407, 3.2893450260)
00:03:43.121 -> (3.2453567981, 3.2111437320, 3.3333332538, 3.3137829303, 3.2649071216, 3.2893450260)
00:03:43.572 -> (3.2502443790, 3.1769306659, 3.2844574451, 3.2991201877, 3.2355816364, 3.2893450260)
00:03:44.023 -> (3.2404692173, 3.1622679233, 3.2893450260, 3.3040077686, 3.2355816364, 3.2942326068)
00:03:44.474 -> (3.2453567981, 3.1573803424, 3.2893450260, 3.2991201877, 3.2306940555, 3.2942326068)
00:03:44.924 -> (3.2404692173, 3.1476051807, 3.2893450260, 3.3040077686, 3.2209188938, 3.2893450260)
00:03:45.375 -> (3.2404692173, 3.1524927616, 3.2893450260, 3.2991201877, 3.2160313129, 3.2893450260)
00:03:45.825 -> (3.2453567981, 3.1378300189, 3.2991201877, 3.2942326068, 3.2062561511, 3.2844574451)
00:03:46.276 -> (3.2258064746, 3.1378300189, 3.3040077686, 3.3040077686, 3.2013685703, 3.2746822834)
00:03:46.726 -> (3.2404692173, 3.1524927616, 3.2649071216, 3.2893450260, 3.2160313129, 3.2844574451)
00:03:47.177 -> (3.2306940555, 3.1671555042, 3.2893450260, 3.2893450260, 3.2258064746, 3.2795698642)
00:03:47.628 -> (3.2306940555, 3.1671555042, 3.2844574451, 3.2942326068, 3.2306940555, 3.2795698642)
00:03:48.079 -> (3.2355816364, 3.1720430850, 3.2844574451, 3.2942326068, 3.2306940555, 3.2795698642)
00:03:48.530 -> (3.2306940555, 3.1818182468, 3.2893450260, 3.3088953495, 3.2551319599, 3.2893450260)
00:03:48.980 -> (3.2453567981, 3.2111437320, 3.2991201877, 3.3040077686, 3.2600195407, 3.2893450260)
00:03:49.431 -> (3.2355816364, 3.2013685703, 3.2942326068, 3.3088953495, 3.2600195407, 3.2942326068)
00:03:49.881 -> (3.2404692173, 3.1818182468, 3.2991201877, 3.3088953495, 3.2453567981, 3.2844574451)
00:03:50.332 -> (3.2404692173, 3.1671555042, 3.2942326068, 3.2991201877, 3.2306940555, 3.2942326068)
00:03:50.782 -> (3.2404692173, 3.1622679233, 3.2942326068, 3.3040077686, 3.2258064746, 3.2893450260)
00:03:51.233 -> (3.2453567981, 3.1524927616, 3.2991201877, 3.3040077686, 3.2160313129, 3.2844574451)
00:03:51.684 -> (3.2355816364, 3.1573803424, 3.2942326068, 3.2991201877, 3.2209188938, 3.2893450260)
00:03:52.134 -> (3.2355816364, 3.1329424381, 3.2893450260, 3.2991201877, 3.2013685703, 3.2844574451)
00:03:52.586 -> (3.2258064746, 3.1280546188, 3.2844574451, 3.2893450260, 3.1964809894, 3.2893450260)
00:03:53.036 -> (3.2062561511, 3.1476051807, 3.2649071216, 3.3040077686, 3.2209188938, 3.2795698642)
00:03:53.487 -> (3.2306940555, 3.1671555042, 3.2893450260, 3.2942326068, 3.2258064746, 3.2795698642)
00:03:53.937 -> (3.2355816364, 3.1769306659, 3.2893450260, 3.2942326068, 3.2306940555, 3.2844574451)
00:03:54.388 -> (3.2404692173, 3.1769306659, 3.2942326068, 3.2942326068, 3.2355816364, 3.2844574451)
00:03:54.839 -> (3.2404692173, 3.1769306659, 3.2942326068, 3.2991201877, 3.2453567981, 3.2942326068)
00:03:55.289 -> (3.2404692173, 3.2160313129, 3.2991201877, 3.3088953495, 3.2649071216, 3.2942326068)
00:03:55.740 -> (3.2453567981, 3.2160313129, 3.3040077686, 3.3088953495, 3.2600195407, 3.2893450260)
00:03:56.190 -> (3.2306940555, 3.1915934085, 3.3137829303, 3.3088953495, 3.2306940555, 3.2942326068)
00:03:56.641 -> (3.2453567981, 3.1964809894, 3.2991201877, 3.2991201877, 3.2453567981, 3.2991201877)
00:03:57.092 -> (3.2404692173, 3.1769306659, 3.2942326068, 3.3040077686, 3.2306940555, 3.2942326068)
00:03:57.543 -> (3.2404692173, 3.1671555042, 3.2991201877, 3.3040077686, 3.2306940555, 3.2893450260)
00:03:57.993 -> (3.2404692173, 3.1720430850, 3.2991201877, 3.3040077686, 3.2209188938, 3.2942326068)
00:03:58.444 -> (3.2453567981, 3.1720430850, 3.2991201877, 3.2991201877, 3.2258064746, 3.2893450260)
00:03:58.895 -> (3.2404692173, 3.1476051807, 3.2893450260, 3.2991201877, 3.2062561511, 3.2844574451)
00:03:59.345 -> (3.2355816364, 3.1573803424, 3.2844574451, 3.2942326068, 3.2062561511, 3.2795698642)
00:03:59.796 -> (3.2502443790, 3.1720430850, 3.3088953495, 3.3040077686, 3.2306940555, 3.2844574451)
00:04:00.246 -> (3.2258064746, 3.1622679233, 3.2795698642, 3.2991201877, 3.2258064746, 3.2844574451)
00:04:00.697 -> (3.2355816364, 3.1769306659, 3.2991201877, 3.2942326068, 3.2355816364, 3.2844574451)
00:04:01.147 -> (3.2355816364, 3.1769306659, 3.2844574451, 3.2942326068, 3.2355816364, 3.2844574451)
00:04:01.598 -> (3.2404692173, 3.1867058277, 3.2893450260, 3.2942326068, 3.2355816364, 3.2844574451)
00:04:02.050 -> (3.2306940555, 3.1964809894, 3.2893450260, 3.2942326068, 3.2502443790, 3.2844574451)
00:04:02.500 -> (3.2551319599, 3.2111437320, 3.2991201877, 3.3040077686, 3.2649071216, 3.2942326068)
00:04:02.951 -> (3.2355816364, 3.2160313129, 3.2795698642, 3.2844574451, 3.2697947025, 3.2893450260)
00:04:03.401 -> (3.2453567981, 3.2209188938, 3.3040077686, 3.2893450260, 3.2649071216, 3.3040077686)
00:04:03.852 -> (3.2453567981, 3.1867058277, 3.3235580921, 3.2795698642, 3.2649071216, 3.2942326068)
00:04:04.302 -> (3.2404692173, 3.1915934085, 3.2991201877, 3.2844574451, 3.2453567981, 3.2942326068)
00:04:04.753 -> (3.2453567981, 3.1818182468, 3.3040077686, 3.2795698642, 3.2355816364, 3.2942326068)
00:04:05.203 -> (3.2404692173, 3.1720430850, 3.2991201877, 3.2795698642, 3.2306940555, 3.2942326068)
00:04:05.654 -> (3.2502443790, 3.1720430850, 3.2942326068, 3.2795698642, 3.2306940555, 3.2942326068)
00:04:06.105 -> (3.2355816364, 3.1524927616, 3.2991201877, 3.2795698642, 3.2258064746, 3.2893450260)
00:04:06.555 -> (3.2453567981, 3.1671555042, 3.2991201877, 3.2746822834, 3.2258064746, 3.2893450260)
00:04:07.007 -> (3.2404692173, 3.1329424381, 3.2844574451, 3.2746822834, 3.2062561511, 3.2893450260)
00:04:07.457 -> (3.2306940555, 3.1524927616, 3.2942326068, 3.2697947025, 3.2062561511, 3.2795698642)
00:04:07.908 -> (3.2502443790, 3.1524927616, 3.2649071216, 3.2600195407, 3.1915934085, 3.2746822834)
00:04:08.358 -> (3.2355816364, 3.1524927616, 3.2746822834, 3.2746822834, 3.2209188938, 3.2795698642)
00:04:08.809 -> (3.2209188938, 3.1769306659, 3.2844574451, 3.2746822834, 3.2258064746, 3.2893450260)
00:04:09.260 -> (3.2404692173, 3.1769306659, 3.2844574451, 3.2746822834, 3.2306940555, 3.2795698642)
00:04:09.710 -> (3.2355816364, 3.1769306659, 3.2942326068, 3.2746822834, 3.2306940555, 3.2893450260)
00:04:10.161 -> (3.2355816364, 3.1818182468, 3.2893450260, 3.2746822834, 3.2404692173, 3.2844574451)
00:04:10.611 -> (3.2404692173, 3.1818182468, 3.2942326068, 3.2795698642, 3.2404692173, 3.2893450260)
00:04:11.063 -> (3.2453567981, 3.2111437320, 3.3040077686, 3.2746822834, 3.2649071216, 3.2942326068)
00:04:11.513 -> (3.2404692173, 3.2062561511, 3.3040077686, 3.2844574451, 3.2551319599, 3.2942326068)
00:04:11.964 -> (3.2502443790, 3.2062561511, 3.2795698642, 3.2746822834, 3.2502443790, 3.2991201877)
00:04:12.414 -> (3.2649071216, 3.1964809894, 3.3333332538, 3.2893450260, 3.2551319599, 3.2991201877)
00:04:12.865 -> (3.2355816364, 3.1720430850, 3.3040077686, 3.2746822834, 3.2453567981, 3.2942326068)
00:04:13.316 -> (3.2404692173, 3.1573803424, 3.2991201877, 3.2844574451, 3.2355816364, 3.2942326068)
00:04:13.766 -> (3.2453567981, 3.1573803424, 3.2991201877, 3.2844574451, 3.2306940555, 3.2942326068)
00:04:14.217 -> (3.2453567981, 3.1524927616, 3.2942326068, 3.2893450260, 3.2258064746, 3.2942326068)
00:04:14.667 -> (3.2453567981, 3.1524927616, 3.2942326068, 3.2746822834, 3.2258064746, 3.2942326068)
00:04:15.119 -> (3.2404692173, 3.1476051807, 3.2942326068, 3.2795698642, 3.2160313129, 3.2893450260)
00:04:15.569 -> (3.2355816364, 3.1231670379, 3.2893450260, 3.2746822834, 3.2111437320, 3.2893450260)
00:04:16.020 -> (3.2355816364, 3.1280546188, 3.2893450260, 3.2746822834, 3.2160313129, 3.2942326068)
00:04:16.471 -> (3.2160313129, 3.1329424381, 3.3088953495, 3.2844574451, 3.2111437320, 3.2844574451)
00:04:16.921 -> (3.2404692173, 3.1378300189, 3.2649071216, 3.2600195407, 3.2160313129, 3.2795698642)
00:04:17.372 -> (3.2306940555, 3.1573803424, 3.2893450260, 3.2697947025, 3.2306940555, 3.2795698642)
00:04:17.822 -> (3.2355816364, 3.1524927616, 3.2893450260, 3.2746822834, 3.2306940555, 3.2893450260)
00:04:18.273 -> (3.2306940555, 3.1671555042, 3.2893450260, 3.2697947025, 3.2404692173, 3.2893450260)
00:04:18.723 -> (3.2453567981, 3.1818182468, 3.2893450260, 3.2795698642, 3.2453567981, 3.2893450260)
00:04:19.174 -> (3.2355816364, 3.1818182468, 3.2991201877, 3.2746822834, 3.2649071216, 3.2942326068)
00:04:19.625 -> (3.2502443790, 3.2111437320, 3.2942326068, 3.2844574451, 3.2697947025, 3.2893450260)
00:04:20.076 -> (3.2404692173, 3.2013685703, 3.3040077686, 3.2844574451, 3.2795698642, 3.2942326068)
00:04:20.527 -> (3.2649071216, 3.1915934085, 3.3186705112, 3.2893450260, 3.2404692173, 3.2991201877)
00:04:20.977 -> (3.2502443790, 3.1769306659, 3.3088953495, 3.2893450260, 3.2502443790, 3.2942326068)
00:04:21.428 -> (3.2453567981, 3.1671555042, 3.2991201877, 3.2795698642, 3.2355816364, 3.2991201877)
00:04:21.878 -> (3.2404692173, 3.1622679233, 3.3040077686, 3.2844574451, 3.2355816364, 3.2991201877)
00:04:22.329 -> (3.2404692173, 3.1524927616, 3.2942326068, 3.2795698642, 3.2258064746, 3.2893450260)
00:04:22.779 -> (3.2404692173, 3.1476051807, 3.2942326068, 3.2795698642, 3.2258064746, 3.2942326068)
00:04:23.230 -> (3.2355816364, 3.1378300189, 3.2942326068, 3.2844574451, 3.2111437320, 3.2893450260)
00:04:23.681 -> (3.2404692173, 3.1329424381, 3.2893450260, 3.2746822834, 3.2160313129, 3.2844574451)
00:04:24.132 -> (3.2453567981, 3.1329424381, 3.2844574451, 3.2942326068, 3.2404692173, 3.2844574451)
00:04:24.583 -> (3.2502443790, 3.1573803424, 3.2893450260, 3.2746822834, 3.2160313129, 3.2844574451)
00:04:25.033 -> (3.2306940555, 3.1622679233, 3.2844574451, 3.2795698642, 3.2306940555, 3.2893450260)
00:04:25.484 -> (3.2355816364, 3.1573803424, 3.2942326068, 3.2746822834, 3.2355816364, 3.2844574451)
00:04:25.934 -> (3.2404692173, 3.1671555042, 3.2893450260, 3.2795698642, 3.2355816364, 3.2844574451)
00:04:26.385 -> (3.2306940555, 3.1720430850, 3.2893450260, 3.2795698642, 3.2453567981, 3.2893450260)
00:04:26.835 -> (3.2404692173, 3.1867058277, 3.3040077686, 3.2795698642, 3.2649071216, 3.2893450260)
00:04:27.286 -> (3.2453567981, 3.2013685703, 3.2942326068, 3.2942326068, 3.2649071216, 3.2991201877)
00:04:27.737 -> (3.2502443790, 3.2062561511, 3.2991201877, 3.2893450260, 3.2404692173, 3.2893450260)
00:04:28.187 -> (3.2600195407, 3.1818182468, 3.2795698642, 3.2697947025, 3.2502443790, 3.2991201877)
00:04:28.639 -> (3.2502443790, 3.1720430850, 3.2746822834, 3.2795698642, 3.2551319599, 3.2991201877)
00:04:29.089 -> (3.2453567981, 3.1622679233, 3.3040077686, 3.2844574451, 3.2355816364, 3.2991201877)
00:04:29.540 -> (3.2502443790, 3.1524927616, 3.2991201877, 3.2844574451, 3.2306940555, 3.2942326068)
00:04:29.990 -> (3.2453567981, 3.1476051807, 3.2942326068, 3.2844574451, 3.2306940555, 3.2991201877)
00:04:30.441 -> (3.2404692173, 3.1427175998, 3.2942326068, 3.2844574451, 3.2258064746, 3.2893450260)
00:04:30.892 -> (3.2355816364, 3.1524927616, 3.2893450260, 3.2795698642, 3.2111437320, 3.2893450260)
00:04:31.342 -> (3.2355816364, 3.1329424381, 3.2844574451, 3.2697947025, 3.2160313129, 3.2844574451)
00:04:31.793 -> (3.2355816364, 3.1378300189, 3.2844574451, 3.2649071216, 3.2013685703, 3.2795698642)
00:04:32.243 -> (3.2258064746, 3.1280546188, 3.2502443790, 3.2600195407, 3.2306940555, 3.2893450260)
00:04:32.695 -> (3.2209188938, 3.1622679233, 3.2991201877, 3.2746822834, 3.2306940555, 3.2844574451)
00:04:33.145 -> (3.2404692173, 3.1818182468, 3.2893450260, 3.2746822834, 3.2355816364, 3.2844574451)
00:04:33.596 -> (3.2355816364, 3.1769306659, 3.2893450260, 3.2746822834, 3.2404692173, 3.2893450260)
00:04:34.046 -> (3.2355816364, 3.1720430850, 3.2942326068, 3.2795698642, 3.2404692173, 3.2795698642)
00:04:34.497 -> (3.2404692173, 3.1769306659, 3.2893450260, 3.2795698642, 3.2453567981, 3.2893450260)
00:04:34.948 -> (3.2306940555, 3.1867058277, 3.2942326068, 3.2795698642, 3.2600195407, 3.2893450260)
00:04:35.398 -> (3.2453567981, 3.2062561511, 3.2942326068, 3.2893450260, 3.2746822834, 3.2991201877)
00:04:35.849 -> (3.2502443790, 3.2013685703, 3.3088953495, 3.2893450260, 3.2649071216, 3.2942326068)
00:04:36.299 -> (3.2404692173, 3.2013685703, 3.3040077686, 3.2795698642, 3.2649071216, 3.2893450260)
00:04:36.750 -> (3.2404692173, 3.1769306659, 3.2942326068, 3.2893450260, 3.2404692173, 3.2991201877)
00:04:37.200 -> (3.2502443790, 3.1867058277, 3.2746822834, 3.2893450260, 3.2453567981, 3.2942326068)
00:04:37.652 -> (3.2404692173, 3.1720430850, 3.2991201877, 3.2893450260, 3.2404692173, 3.2893450260)
00:04:38.103 -> (3.2502443790, 3.1622679233, 3.2991201877, 3.2844574451, 3.2355816364, 3.2991201877)
00:04:38.553 -> (3.2453567981, 3.1573803424, 3.2991201877, 3.2844574451, 3.2258064746, 3.2942326068)
00:04:39.004 -> (3.2404692173, 3.1573803424, 3.2991201877, 3.2844574451, 3.2258064746, 3.2942326068)
00:04:39.454 -> (3.2404692173, 3.1573803424, 3.2942326068, 3.2844574451, 3.2258064746, 3.2942326068)
00:04:39.905 -> (3.2453567981, 3.1280546188, 3.2844574451, 3.2746822834, 3.2111437320, 3.2844574451)
00:04:40.355 -> (3.2355816364, 3.1476051807, 3.2893450260, 3.2746822834, 3.2111437320, 3.2844574451)
00:04:40.806 -> (3.2453567981, 3.1280546188, 3.2600195407, 3.2844574451, 3.2160313129, 3.2746822834)
00:04:41.256 -> (3.2160313129, 3.1622679233, 3.2942326068, 3.2795698642, 3.2209188938, 3.2795698642)
00:04:41.708 -> (3.2258064746, 3.1573803424, 3.2795698642, 3.2746822834, 3.2306940555, 3.2844574451)
00:04:42.159 -> (3.2404692173, 3.1720430850, 3.2893450260, 3.2746822834, 3.2355816364, 3.2893450260)
00:04:42.609 -> (3.2355816364, 3.1720430850, 3.2942326068, 3.2795698642, 3.2404692173, 3.2844574451)
00:04:43.060 -> (3.2404692173, 3.1769306659, 3.2942326068, 3.2795698642, 3.2453567981, 3.2893450260)
00:04:43.510 -> (3.2453567981, 3.1867058277, 3.2942326068, 3.2844574451, 3.2453567981, 3.2893450260)
00:04:43.961 -> (3.2355816364, 3.2111437320, 3.2893450260, 3.2746822834, 3.2649071216, 3.2991201877)
00:04:44.411 -> (3.2404692173, 3.2111437320, 3.2942326068, 3.2893450260, 3.2649071216, 3.2991201877)
00:04:44.862 -> (3.2355816364, 3.2013685703, 3.2795698642, 3.2844574451, 3.2600195407, 3.2942326068)
00:04:45.313 -> (3.2600195407, 3.1964809894, 3.2795698642, 3.2942326068, 3.2551319599, 3.2942326068)
00:04:45.764 -> (3.2502443790, 3.1769306659, 3.2991201877, 3.2942326068, 3.2404692173, 3.2942326068)
00:04:46.215 -> (3.2502443790, 3.1769306659, 3.2991201877, 3.2844574451, 3.2355816364, 3.2991201877)
00:04:46.665 -> (3.2453567981, 3.1671555042, 3.2942326068, 3.2893450260, 3.2355816364, 3.2893450260)
00:04:47.116 -> (3.2453567981, 3.1573803424, 3.2991201877, 3.2844574451, 3.2258064746, 3.2942326068)
00:04:47.566 -> (3.2404692173, 3.1524927616, 3.2991201877, 3.2844574451, 3.2306940555, 3.2942326068)
00:04:48.017 -> (3.2453567981, 3.1476051807, 3.2893450260, 3.2795698642, 3.2111437320, 3.2893450260)
00:04:48.467 -> (3.2404692173, 3.1329424381, 3.2844574451, 3.2795698642, 3.2209188938, 3.2844574451)
00:04:48.918 -> (3.2404692173, 3.1329424381, 3.3137829303, 3.2795698642, 3.2111437320, 3.2746822834)
00:04:49.369 -> (3.2160313129, 3.1622679233, 3.2942326068, 3.2795698642, 3.2160313129, 3.2844574451)
00:04:49.820 -> (3.2453567981, 3.1622679233, 3.2893450260, 3.2697947025, 3.2355816364, 3.2844574451)
00:04:50.271 -> (3.2355816364, 3.1769306659, 3.2893450260, 3.2795698642, 3.2355816364, 3.2893450260)
00:04:50.721 -> (3.2355816364, 3.1867058277, 3.2893450260, 3.2795698642, 3.2404692173, 3.2844574451)
00:04:51.172 -> (3.2355816364, 3.1867058277, 3.2893450260, 3.2795698642, 3.2453567981, 3.2844574451)
00:04:51.622 -> (3.2404692173, 3.1964809894, 3.2942326068, 3.2844574451, 3.2600195407, 3.2893450260)
00:04:52.073 -> (3.2502443790, 3.2111437320, 3.2893450260, 3.2893450260, 3.2746822834, 3.2991201877)
00:04:52.524 -> (3.2551319599, 3.2062561511, 3.2942326068, 3.2746822834, 3.2600195407, 3.3088953495)
00:04:52.974 -> (3.2551319599, 3.2013685703, 3.3333332538, 3.2991201877, 3.2600195407, 3.2893450260)
00:04:53.425 -> (3.2453567981, 3.1818182468, 3.3040077686, 3.2844574451, 3.2404692173, 3.2991201877)
00:04:53.876 -> (3.2502443790, 3.1671555042, 3.2991201877, 3.2893450260, 3.2404692173, 3.2991201877)
00:04:54.327 -> (3.2502443790, 3.1573803424, 3.2991201877, 3.2893450260, 3.2306940555, 3.2991201877)
00:04:54.777 -> (3.2453567981, 3.1573803424, 3.2991201877, 3.2844574451, 3.2306940555, 3.2942326068)
00:04:55.228 -> (3.2404692173, 3.1524927616, 3.2893450260, 3.2795698642, 3.2160313129, 3.2893450260)
00:04:55.678 -> (3.2404692173, 3.1329424381, 3.2844574451, 3.2795698642, 3.2160313129, 3.2844574451)
00:04:56.129 -> (3.2306940555, 3.1280546188, 3.3186705112, 3.2600195407, 3.2013685703, 3.2795698642)
00:04:56.580 -> (3.2160313129, 3.1524927616, 3.2649071216, 3.2697947025, 3.2306940555, 3.2844574451)
00:04:57.030 -> (3.2355816364, 3.1720430850, 3.2844574451, 3.2795698642, 3.2355816364, 3.2844574451)
00:04:57.481 -> (3.2355816364, 3.1720430850, 3.2844574451, 3.2795698642, 3.2453567981, 3.2893450260)
00:04:57.931 -> (3.2404692173, 3.1769306659, 3.2942326068, 3.2795698642, 3.2502443790, 3.2893450260)
00:04:58.383 -> (3.2355816364, 3.1769306659, 3.2893450260, 3.2844574451, 3.2600195407, 3.2942326068)
00:04:58.833 -> (3.2453567981, 3.2111437320, 3.3088953495, 3.2844574451, 3.2697947025, 3.2942326068)
00:04:59.284 -> (3.2502443790, 3.2062561511, 3.3137829303, 3.2942326068, 3.2746822834, 3.3040077686)
00:04:59.735 -> (3.2404692173, 3.1769306659, 3.3186705112, 3.3040077686, 3.2600195407, 3.2893450260)
00:05:00.185 -> (3.2551319599, 3.1622679233, 3.2991201877, 3.2844574451, 3.2453567981, 3.2991201877)
00:05:00.636 -> (3.2453567981, 3.1622679233, 3.2991201877, 3.2844574451, 3.2355816364, 3.2991201877)
