00:00:00.010 -> (3.3431084156, 3.0889539718, 3.2746822834, 3.2942326068, 3.3333332538, 3.3137829303)
00:00:00.493 -> (3.3333332538, 3.0791788101, 3.2600195407, 3.2942326068, 3.3137829303, 3.2991201877)
00:00:00.944 -> (3.3284456729, 3.0889539718, 3.3040077686, 3.2991201877, 3.3333332538, 3.2991201877)
00:00:01.394 -> (3.3284456729, 3.1182794570, 3.2600195407, 3.2942326068, 3.3577711582, 3.3040077686)
00:00:01.845 -> (3.3284456729, 3.1182794570, 3.2649071216, 3.2942326068, 3.3626587390, 3.3088953495)
00:00:02.296 -> (3.3284456729, 3.1280546188, 3.2697947025, 3.2893450260, 3.3626587390, 3.2991201877)
00:00:02.747 -> (3.3333332538, 3.1329424381, 3.2649071216, 3.2942326068, 3.3675463199, 3.3088953495)
00:00:03.197 -> (3.3333332538, 3.1427175998, 3.2697947025, 3.2942326068, 3.3724339008, 3.3040077686)
00:00:03.648 -> (3.3333332538, 3.1671555042, 3.2649071216, 3.2991201877, 3.4017596244, 3.3040077686)
00:00:04.099 -> (3.3431084156, 3.1818182468, 3.2795698642, 3.2991201877, 3.4066472053, 3.3186705112)
00:00:04.549 -> (3.3431084156, 3.1671555042, 3.2795698642, 3.3088953495, 3.4066472053, 3.3137829303)
00:00:05.000 -> (3.3479959964, 3.1671555042, 3.2942326068, 3.2893450260, 3.3968720436, 3.3235580921)
00:00:05.450 -> (3.3382208347, 3.1329424381, 3.2893450260, 3.3137829303, 3.3870968818, 3.3137829303)
00:00:05.901 -> (3.3382208347, 3.1231670379, 3.2746822834, 3.2991201877, 3.3675463199, 3.3088953495)
00:00:06.351 -> (3.3431084156, 3.1133918762, 3.2697947025, 3.3040077686, 3.3626587390, 3.3137829303)
00:00:06.803 -> (3.3479959964, 3.1085042953, 3.2746822834, 3.3040077686, 3.3528835773, 3.3137829303)
00:00:07.254 -> (3.3382208347, 3.0987291336, 3.2697947025, 3.2991201877, 3.3431084156, 3.3088953495)
00:00:07.704 -> (3.3382208347, 3.0987291336, 3.2697947025, 3.2991201877, 3.3431084156, 3.3137829303)
00:00:08.155 -> (3.3333332538, 3.0987291336, 3.2600195407, 3.2893450260, 3.3235580921, 3.3088953495)
00:00:08.605 -> (3.3333332538, 3.0742912292, 3.2697947025, 3.2942326068, 3.3235580921, 3.3088953495)
00:00:09.056 -> (3.3284456729, 3.0742912292, 3.2649071216, 3.2893450260, 3.3235580921, 3.3137829303)
00:00:09.506 -> (3.3284456729, 3.0694036483, 3.2600195407, 3.2697947025, 3.3479959964, 3.3088953495)
00:00:09.957 -> (3.3333332538, 3.1036167144, 3.2649071216, 3.2795698642, 3.3479959964, 3.3040077686)
00:00:10.407 -> (3.3284456729, 3.1182794570, 3.2649071216, 3.2893450260, 3.3528835773, 3.3040077686)
00:00:10.858 -> (3.3284456729, 3.1231670379, 3.2697947025, 3.2844574451, 3.3626587390, 3.3040077686)
00:00:11.309 -> (3.3333332538, 3.1280546188, 3.2697947025, 3.2893450260, 3.3675463199, 3.3088953495)
00:00:11.759 -> (3.3333332538, 3.1427175998, 3.2746822834, 3.2893450260, 3.3724339008, 3.3088953495)
00:00:12.211 -> (3.3284456729, 3.1378300189, 3.2746822834, 3.2942326068, 3.3919844627, 3.3137829303)
00:00:12.661 -> (3.3333332538, 3.1818182468, 3.2795698642, 3.2991201877, 3.4115347862, 3.3040077686)
00:00:13.112 -> (3.3431084156, 3.1769306659, 3.2746822834, 3.3040077686, 3.4066472053, 3.3186705112)
00:00:13.562 -> (3.3431084156, 3.1671555042, 3.2942326068, 3.3088953495, 3.4164223670, 3.3088953495)
00:00:14.013 -> (3.3333332538, 3.1378300189, 3.2991201877, 3.3040077686, 3.3870968818, 3.3186705112)
00:00:14.464 -> (3.3382208347, 3.1378300189, 3.2649071216, 3.2942326068, 3.3675463199, 3.3186705112)
00:00:14.914 -> (3.3431084156, 3.1133918762, 3.2795698642, 3.2991201877, 3.3528835773, 3.3186705112)
00:00:15.365 -> (3.3431084156, 3.1036167144, 3.2795698642, 3.2991201877, 3.3479959964, 3.3088953495)
00:00:15.815 -> (3.3382208347, 3.0987291336, 3.2746822834, 3.2942326068, 3.3382208347, 3.3186705112)
00:00:16.266 -> (3.3333332538, 3.0987291336, 3.2795698642, 3.2991201877, 3.3431084156, 3.3088953495)
00:00:16.717 -> (3.3333332538, 3.0840663909, 3.2746822834, 3.2893450260, 3.3186705112, 3.3088953495)
00:00:17.168 -> (3.3284456729, 3.0742912292, 3.2649071216, 3.2942326068, 3.3235580921, 3.3088953495)
00:00:17.618 -> (3.3333332538, 3.0742912292, 3.2991201877, 3.2649071216, 3.3040077686, 3.3088953495)
00:00:18.069 -> (3.3235580921, 3.0840663909, 3.2893450260, 3.2697947025, 3.3382208347, 3.3040077686)
00:00:18.520 -> (3.3284456729, 3.1182794570, 3.2697947025, 3.2844574451, 3.3528835773, 3.3040077686)
00:00:18.970 -> (3.3333332538, 3.1182794570, 3.2649071216, 3.2795698642, 3.3577711582, 3.3088953495)
00:00:19.421 -> (3.3333332538, 3.1280546188, 3.2649071216, 3.2844574451, 3.3675463199, 3.3040077686)
00:00:19.871 -> (3.3333332538, 3.1378300189, 3.2697947025, 3.2942326068, 3.3773214817, 3.3040077686)
00:00:20.322 -> (3.3333332538, 3.1427175998, 3.2502443790, 3.2844574451, 3.3968720436, 3.3088953495)
00:00:20.772 -> (3.3382208347, 3.1769306659, 3.2746822834, 3.2991201877, 3.4115347862, 3.3137829303)
00:00:21.223 -> (3.3382208347, 3.1622679233, 3.2844574451, 3.2795698642, 3.4115347862, 3.3088953495)
00:00:21.675 -> (3.3333332538, 3.1329424381, 3.2209188938, 3.2795698642, 3.4115347862, 3.3186705112)
00:00:22.125 -> (3.3431084156, 3.1182794570, 3.2600195407, 3.2893450260, 3.3822093009, 3.3186705112)
00:00:22.576 -> (3.3382208347, 3.1085042953, 3.2746822834, 3.2942326068, 3.3773214817, 3.3186705112)
00:00:23.026 -> (3.3431084156, 3.0987291336, 3.2795698642, 3.2942326068, 3.3528835773, 3.3137829303)
00:00:23.477 -> (3.3382208347, 3.0938415527, 3.2746822834, 3.2893450260, 3.3528835773, 3.3137829303)
00:00:23.927 -> (3.3333332538, 3.1036167144, 3.2795698642, 3.2844574451, 3.3479959964, 3.3088953495)
00:00:24.378 -> (3.3284456729, 3.0694036483, 3.2649071216, 3.2844574451, 3.3235580921, 3.3088953495)
00:00:24.828 -> (3.3284456729, 3.0791788101, 3.2600195407, 3.2795698642, 3.3186705112, 3.3040077686)
00:00:25.280 -> (3.3137829303, 3.0791788101, 3.2795698642, 3.3040077686, 3.3479959964, 3.3040077686)
00:00:25.731 -> (3.3284456729, 3.1182794570, 3.2697947025, 3.2795698642, 3.3626587390, 3.3040077686)
00:00:26.181 -> (3.3284456729, 3.1231670379, 3.2649071216, 3.2942326068, 3.3626587390, 3.2991201877)
00:00:26.632 -> (3.3333332538, 3.1280546188, 3.2697947025, 3.2893450260, 3.3675463199, 3.3040077686)
00:00:27.082 -> (3.3333332538, 3.1378300189, 3.2746822834, 3.2893450260, 3.3773214817, 3.3088953495)
00:00:27.533 -> (3.3284456729, 3.1524927616, 3.2551319599, 3.2991201877, 3.4066472053, 3.3186705112)
00:00:27.983 -> (3.3382208347, 3.1818182468, 3.2844574451, 3.2991201877, 3.4066472053, 3.3137829303)
00:00:28.434 -> (3.3479959964, 3.1818182468, 3.2600195407, 3.2942326068, 3.3822093009, 3.3088953495)
00:00:28.884 -> (3.3528835773, 3.1378300189, 3.2551319599, 3.2991201877, 3.3724339008, 3.3186705112)
00:00:29.335 -> (3.3382208347, 3.1231670379, 3.2746822834, 3.3040077686, 3.3626587390, 3.3186705112)
00:00:29.787 -> (3.3382208347, 3.1133918762, 3.2697947025, 3.2991201877, 3.3577711582, 3.3186705112)
00:00:30.237 -> (3.3382208347, 3.0987291336, 3.2746822834, 3.3040077686, 3.3479959964, 3.3137829303)
00:00:30.688 -> (3.3333332538, 3.1036167144, 3.2697947025, 3.3040077686, 3.3479959964, 3.3088953495)
00:00:31.138 -> (3.3284456729, 3.0791788101, 3.2697947025, 3.2942326068, 3.3284456729, 3.3088953495)
00:00:31.589 -> (3.3235580921, 3.0791788101, 3.2502443790, 3.2844574451, 3.3382208347, 3.2991201877)
00:00:32.039 -> (3.3088953495, 3.1182794570, 3.2697947025, 3.2942326068, 3.3382208347, 3.3137829303)
00:00:32.490 -> (3.3284456729, 3.1231670379, 3.2697947025, 3.2893450260, 3.3675463199, 3.3088953495)
00:00:32.941 -> (3.3284456729, 3.1329424381, 3.2649071216, 3.2942326068, 3.3773214817, 3.3040077686)
00:00:33.391 -> (3.3284456729, 3.1524927616, 3.2697947025, 3.2893450260, 3.3822093009, 3.3137829303)
00:00:33.842 -> (3.3333332538, 3.1769306659, 3.2795698642, 3.2844574451, 3.4066472053, 3.3186705112)
00:00:34.293 -> (3.3382208347, 3.1769306659, 3.2844574451, 3.2991201877, 3.4066472053, 3.3186705112)
00:00:34.744 -> (3.3382208347, 3.1524927616, 3.2991201877, 3.3088953495, 3.4115347862, 3.3235580921)
00:00:35.194 -> (3.3431084156, 3.1378300189, 3.2844574451, 3.3040077686, 3.3773214817, 3.3186705112)
00:00:35.645 -> (3.3382208347, 3.1231670379, 3.2795698642, 3.2991201877, 3.3626587390, 3.3186705112)
00:00:36.096 -> (3.3333332538, 3.1036167144, 3.2746822834, 3.3040077686, 3.3528835773, 3.3137829303)
00:00:36.546 -> (3.3284456729, 3.1085042953, 3.2795698642, 3.2942326068, 3.3528835773, 3.3137829303)
00:00:36.997 -> (3.3235580921, 3.0694036483, 3.2649071216, 3.2942326068, 3.3284456729, 3.3088953495)
00:00:37.447 -> (3.3186705112, 3.0791788101, 3.2991201877, 3.2795698642, 3.3284456729, 3.2991201877)
00:00:37.898 -> (3.3186705112, 3.1133918762, 3.2649071216, 3.2795698642, 3.3577711582, 3.3040077686)
00:00:38.348 -> (3.3284456729, 3.1280546188, 3.2697947025, 3.2844574451, 3.3675463199, 3.3040077686)
00:00:38.800 -> (3.3284456729, 3.1378300189, 3.2697947025, 3.2893450260, 3.3773214817, 3.3137829303)
00:00:39.250 -> (3.3284456729, 3.1476051807, 3.2697947025, 3.2893450260, 3.3822093009, 3.3137829303)
00:00:39.701 -> (3.3333332538, 3.1769306659, 3.2746822834, 3.2991201877, 3.4213099479, 3.3088953495)
00:00:40.152 -> (3.3333332538, 3.1769306659, 3.2893450260, 3.2991201877, 3.4115347862, 3.3137829303)
00:00:40.602 -> (3.3431084156, 3.1476051807, 3.2844574451, 3.3040077686, 3.3919844627, 3.3235580921)
00:00:41.053 -> (3.3382208347, 3.1280546188, 3.2746822834, 3.2991201877, 3.3724339008, 3.3186705112)
00:00:41.503 -> (3.3382208347, 3.1182794570, 3.2795698642, 3.3040077686, 3.3577711582, 3.3235580921)
00:00:41.954 -> (3.3333332538, 3.1036167144, 3.2746822834, 3.2991201877, 3.3528835773, 3.3137829303)
00:00:42.404 -> (3.3333332538, 3.1133918762, 3.2697947025, 3.2942326068, 3.3528835773, 3.3137829303)
00:00:42.855 -> (3.3284456729, 3.0791788101, 3.2697947025, 3.2893450260, 3.3382208347, 3.3137829303)
00:00:43.307 -> (3.3284456729, 3.0987291336, 3.2404692173, 3.2991201877, 3.3577711582, 3.3137829303)
00:00:43.757 -> (3.3186705112, 3.1182794570, 3.2600195407, 3.2942326068, 3.3626587390, 3.3137829303)
00:00:44.208 -> (3.3284456729, 3.1329424381, 3.2649071216, 3.2893450260, 3.3675463199, 3.3088953495)
00:00:44.658 -> (3.3284456729, 3.1378300189, 3.2697947025, 3.2893450260, 3.3822093009, 3.3137829303)
00:00:45.109 -> (3.3284456729, 3.1476051807, 3.2697947025, 3.2893450260, 3.3870968818, 3.3088953495)
00:00:45.559 -> (3.3333332538, 3.1867058277, 3.2795698642, 3.2893450260, 3.4164223670, 3.3137829303)
00:00:46.010 -> (3.3333332538, 3.1720430850, 3.2746822834, 3.3040077686, 3.4213099479, 3.3235580921)
00:00:46.460 -> (3.3284456729, 3.1573803424, 3.2893450260, 3.2893450260, 3.3822093009, 3.3284456729)
00:00:46.911 -> (3.3382208347, 3.1524927616, 3.2893450260, 3.2991201877, 3.3724339008, 3.3235580921)
00:00:47.362 -> (3.3333332538, 3.1378300189, 3.2697947025, 3.2942326068, 3.3675463199, 3.3186705112)
00:00:47.812 -> (3.3333332538, 3.1133918762, 3.2795698642, 3.2991201877, 3.3577711582, 3.3137829303)
00:00:48.264 -> (3.3333332538, 3.1133918762, 3.2697947025, 3.2942326068, 3.3528835773, 3.3137829303)
00:00:48.714 -> (3.3235580921, 3.0791788101, 3.2649071216, 3.2942326068, 3.3186705112, 3.3137829303)
00:00:49.165 -> (3.3235580921, 3.0840663909, 3.2600195407, 3.2844574451, 3.3235580921, 3.3137829303)
00:00:49.615 -> (3.3088953495, 3.0987291336, 3.2404692173, 3.2795698642, 3.3479959964, 3.3088953495)
00:00:50.066 -> (3.3137829303, 3.1231670379, 3.2697947025, 3.2942326068, 3.3675463199, 3.3040077686)
00:00:50.516 -> (3.3235580921, 3.1329424381, 3.2697947025, 3.2942326068, 3.3724339008, 3.3137829303)
00:00:50.967 -> (3.3186705112, 3.1378300189, 3.2697947025, 3.2893450260, 3.3822093009, 3.3137829303)
00:00:51.418 -> (3.3284456729, 3.1427175998, 3.2746822834, 3.3040077686, 3.4066472053, 3.3137829303)
00:00:51.868 -> (3.3382208347, 3.1818182468, 3.2697947025, 3.3040077686, 3.4164223670, 3.3186705112)
00:00:52.319 -> (3.3382208347, 3.1818182468, 3.2893450260, 3.2942326068, 3.4066472053, 3.3137829303)
00:00:52.769 -> (3.3333332538, 3.1378300189, 3.2746822834, 3.2844574451, 3.3919844627, 3.3235580921)
00:00:53.221 -> (3.3333332538, 3.1231670379, 3.2844574451, 3.3040077686, 3.3724339008, 3.3235580921)
00:00:53.671 -> (3.3333332538, 3.1133918762, 3.2746822834, 3.2991201877, 3.3577711582, 3.3186705112)
00:00:54.122 -> (3.3333332538, 3.0987291336, 3.2746822834, 3.2942326068, 3.3479959964, 3.3186705112)
00:00:54.573 -> (3.3284456729, 3.1036167144, 3.2746822834, 3.2942326068, 3.3479959964, 3.3137829303)
00:00:55.023 -> (3.3284456729, 3.0742912292, 3.2600195407, 3.2844574451, 3.3333332538, 3.3137829303)
00:00:55.474 -> (3.3088953495, 3.0938415527, 3.2893450260, 3.2942326068, 3.3333332538, 3.3137829303)
00:00:55.924 -> (3.3088953495, 3.1133918762, 3.2746822834, 3.2942326068, 3.3528835773, 3.3137829303)
00:00:56.375 -> (3.3235580921, 3.1231670379, 3.2697947025, 3.2942326068, 3.3724339008, 3.3088953495)
00:00:56.825 -> (3.3235580921, 3.1378300189, 3.2649071216, 3.2893450260, 3.3773214817, 3.3088953495)
00:00:57.276 -> (3.3284456729, 3.1427175998, 3.2697947025, 3.2893450260, 3.3822093009, 3.3137829303)
00:00:57.728 -> (3.3382208347, 3.1867058277, 3.2795698642, 3.2991201877, 3.4213099479, 3.3235580921)
00:00:58.178 -> (3.3382208347, 3.1720430850, 3.2795698642, 3.2991201877, 3.4164223670, 3.3186705112)
00:00:58.629 -> (3.3333332538, 3.1573803424, 3.2795698642, 3.2991201877, 3.3822093009, 3.3186705112)
00:00:59.079 -> (3.3284456729, 3.1280546188, 3.2746822834, 3.2991201877, 3.3724339008, 3.3235580921)
00:00:59.530 -> (3.3382208347, 3.1182794570, 3.2795698642, 3.2942326068, 3.3626587390, 3.3235580921)
00:00:59.980 -> (3.3284456729, 3.0987291336, 3.2697947025, 3.2942326068, 3.3528835773, 3.3137829303)
00:01:00.431 -> (3.3284456729, 3.1085042953, 3.2746822834, 3.2893450260, 3.3382208347, 3.3137829303)
00:01:00.881 -> (3.3235580921, 3.0889539718, 3.2697947025, 3.2746822834, 3.3382208347, 3.3088953495)
00:01:01.332 -> (3.3333332538, 3.1182794570, 3.2306940555, 3.2746822834, 3.3333332538, 3.3137829303)
00:01:01.783 -> (3.3284456729, 3.1231670379, 3.2649071216, 3.2991201877, 3.3626587390, 3.3088953495)
00:01:02.234 -> (3.3235580921, 3.1378300189, 3.2746822834, 3.2844574451, 3.3626587390, 3.3137829303)
00:01:02.685 -> (3.3284456729, 3.1427175998, 3.2746822834, 3.2844574451, 3.3773214817, 3.3137829303)
00:01:03.135 -> (3.3235580921, 3.1476051807, 3.2795698642, 3.2893450260, 3.3870968818, 3.3137829303)
00:01:03.586 -> (3.3382208347, 3.1818182468, 3.2697947025, 3.2991201877, 3.4115347862, 3.3235580921)
00:01:04.036 -> (3.3333332538, 3.1769306659, 3.2844574451, 3.2942326068, 3.4115347862, 3.3186705112)
00:01:04.487 -> (3.3382208347, 3.1524927616, 3.2844574451, 3.2942326068, 3.3919844627, 3.3235580921)
00:01:04.937 -> (3.3333332538, 3.1280546188, 3.2795698642, 3.2942326068, 3.3626587390, 3.3235580921)
00:01:05.388 -> (3.3333332538, 3.1133918762, 3.2746822834, 3.2893450260, 3.3528835773, 3.3235580921)
00:01:05.839 -> (3.3284456729, 3.1036167144, 3.2746822834, 3.2893450260, 3.3528835773, 3.3137829303)
00:01:06.289 -> (3.3333332538, 3.0987291336, 3.2697947025, 3.2991201877, 3.3333332538, 3.3235580921)
00:01:06.740 -> (3.3235580921, 3.0938415527, 3.2746822834, 3.2893450260, 3.3333332538, 3.3137829303)
00:01:07.191 -> (3.3186705112, 3.1085042953, 3.2551319599, 3.2649071216, 3.3528835773, 3.3088953495)
00:01:07.642 -> (3.3137829303, 3.1231670379, 3.2697947025, 3.2893450260, 3.3626587390, 3.3137829303)
00:01:08.092 -> (3.3235580921, 3.1329424381, 3.2746822834, 3.2844574451, 3.3724339008, 3.3088953495)
00:01:08.543 -> (3.3235580921, 3.1378300189, 3.2746822834, 3.2893450260, 3.3822093009, 3.3137829303)
00:01:08.994 -> (3.3235580921, 3.1720430850, 3.2942326068, 3.3040077686, 3.4164223670, 3.3186705112)
00:01:09.444 -> (3.3333332538, 3.1720430850, 3.2746822834, 3.2991201877, 3.4115347862, 3.3186705112)
00:01:09.895 -> (3.3235580921, 3.1476051807, 3.2453567981, 3.2795698642, 3.4017596244, 3.3137829303)
00:01:10.345 -> (3.3333332538, 3.1476051807, 3.2795698642, 3.2942326068, 3.3773214817, 3.3235580921)
00:01:10.796 -> (3.3382208347, 3.1182794570, 3.2844574451, 3.2942326068, 3.3626587390, 3.3186705112)
00:01:11.246 -> (3.3333332538, 3.1085042953, 3.2795698642, 3.2942326068, 3.3577711582, 3.3186705112)
00:01:11.698 -> (3.3284456729, 3.1036167144, 3.2795698642, 3.2893450260, 3.3528835773, 3.3137829303)
00:01:12.148 -> (3.3284456729, 3.0840663909, 3.2697947025, 3.2844574451, 3.3333332538, 3.3137829303)
00:01:12.599 -> (3.3186705112, 3.0645160675, 3.3088953495, 3.2991201877, 3.3479959964, 3.3088953495)
00:01:13.050 -> (3.3235580921, 3.1133918762, 3.2795698642, 3.2746822834, 3.3626587390, 3.3088953495)
00:01:13.500 -> (3.3284456729, 3.1280546188, 3.2697947025, 3.2844574451, 3.3724339008, 3.3137829303)
00:01:13.951 -> (3.3235580921, 3.1378300189, 3.2746822834, 3.2893450260, 3.3822093009, 3.3137829303)
00:01:14.401 -> (3.3284456729, 3.1427175998, 3.2746822834, 3.2893450260, 3.3870968818, 3.3186705112)
00:01:14.852 -> (3.3284456729, 3.1818182468, 3.2649071216, 3.2991201877, 3.4164223670, 3.3186705112)
00:01:15.302 -> (3.3382208347, 3.1720430850, 3.2844574451, 3.2942326068, 3.3968720436, 3.3235580921)
00:01:15.753 -> (3.3431084156, 3.1378300189, 3.2697947025, 3.2893450260, 3.3919844627, 3.3333332538)
00:01:16.205 -> (3.3333332538, 3.1329424381, 3.2795698642, 3.2942326068, 3.3724339008, 3.3235580921)
00:01:16.655 -> (3.3333332538, 3.1133918762, 3.2844574451, 3.2893450260, 3.3577711582, 3.3186705112)
00:01:17.106 -> (3.3284456729, 3.1085042953, 3.2844574451, 3.2893450260, 3.3528835773, 3.3186705112)
00:01:17.556 -> (3.3333332538, 3.1085042953, 3.2991201877, 3.2844574451, 3.3333332538, 3.3137829303)
00:01:18.007 -> (3.3235580921, 3.0840663909, 3.2844574451, 3.2844574451, 3.3382208347, 3.3186705112)
00:01:18.457 -> (3.3333332538, 3.0840663909, 3.2844574451, 3.2844574451, 3.3284456729, 3.3040077686)
00:01:18.908 -> (3.3088953495, 3.1280546188, 3.2991201877, 3.2844574451, 3.3626587390, 3.3137829303)
00:01:19.358 -> (3.3284456729, 3.1329424381, 3.2746822834, 3.2844574451, 3.3724339008, 3.3137829303)
00:01:19.809 -> (3.3284456729, 3.1427175998, 3.2844574451, 3.2844574451, 3.3724339008, 3.3137829303)
00:01:20.261 -> (3.3333332538, 3.1524927616, 3.2795698642, 3.2893450260, 3.3822093009, 3.3137829303)
00:01:20.711 -> (3.3235580921, 3.1915934085, 3.2795698642, 3.2942326068, 3.4066472053, 3.3186705112)
00:01:21.162 -> (3.3333332538, 3.1769306659, 3.2942326068, 3.2893450260, 3.3968720436, 3.3235580921)
00:01:21.612 -> (3.3333332538, 3.1573803424, 3.2893450260, 3.3040077686, 3.3773214817, 3.3235580921)
00:01:22.063 -> (3.3382208347, 3.1378300189, 3.2844574451, 3.2942326068, 3.3626587390, 3.3235580921)
00:01:22.513 -> (3.3284456729, 3.1280546188, 3.2893450260, 3.2942326068, 3.3577711582, 3.3186705112)
00:01:22.964 -> (3.3333332538, 3.1133918762, 3.2795698642, 3.2942326068, 3.3479959964, 3.3186705112)
00:01:23.415 -> (3.3284456729, 3.1133918762, 3.2844574451, 3.2893450260, 3.3479959964, 3.3186705112)
00:01:23.865 -> (3.3382208347, 3.0840663909, 3.2697947025, 3.2893450260, 3.3186705112, 3.3137829303)
00:01:24.316 -> (3.3235580921, 3.0987291336, 3.2697947025, 3.2844574451, 3.3186705112, 3.3088953495)
00:01:24.766 -> (3.3137829303, 3.1231670379, 3.2697947025, 3.2893450260, 3.3333332538, 3.3137829303)
00:01:25.217 -> (3.3088953495, 3.1329424381, 3.2746822834, 3.2795698642, 3.3577711582, 3.3088953495)
00:01:25.668 -> (3.3235580921, 3.1378300189, 3.2697947025, 3.2844574451, 3.3577711582, 3.3088953495)
00:01:26.119 -> (3.3235580921, 3.1476051807, 3.2746822834, 3.2893450260, 3.3675463199, 3.3137829303)
00:01:26.569 -> (3.3284456729, 3.1524927616, 3.2795698642, 3.2893450260, 3.3870968818, 3.3186705112)
00:01:27.020 -> (3.3333332538, 3.1915934085, 3.2746822834, 3.2942326068, 3.4115347862, 3.3186705112)
00:01:27.471 -> (3.3284456729, 3.1818182468, 3.2795698642, 3.2942326068, 3.4017596244, 3.3186705112)
00:01:27.921 -> (3.3431084156, 3.1622679233, 3.2795698642, 3.2844574451, 3.3870968818, 3.3235580921)
00:01:28.372 -> (3.3284456729, 3.1427175998, 3.2795698642, 3.2893450260, 3.3675463199, 3.3284456729)
00:01:28.822 -> (3.3333332538, 3.1280546188, 3.2795698642, 3.2942326068, 3.3528835773, 3.3235580921)
00:01:29.273 -> (3.3333332538, 3.1133918762, 3.2795698642, 3.2893450260, 3.3431084156, 3.3235580921)
00:01:29.724 -> (3.3284456729, 3.1036167144, 3.2844574451, 3.2893450260, 3.3431084156, 3.3186705112)
00:01:30.175 -> (3.3235580921, 3.0791788101, 3.2746822834, 3.2844574451, 3.3186705112, 3.3186705112)
00:01:30.626 -> (3.3284456729, 3.0889539718, 3.2746822834, 3.2795698642, 3.3186705112, 3.3088953495)
00:01:31.076 -> (3.3235580921, 3.1133918762, 3.2942326068, 3.2893450260, 3.3235580921, 3.3088953495)
00:01:31.527 -> (3.3284456729, 3.1280546188, 3.2649071216, 3.2795698642, 3.3528835773, 3.3137829303)
00:01:31.977 -> (3.3235580921, 3.1329424381, 3.2649071216, 3.2844574451, 3.3577711582, 3.3186705112)
00:01:32.428 -> (3.3235580921, 3.1524927616, 3.2795698642, 3.2844574451, 3.3675463199, 3.3186705112)
00:01:32.878 -> (3.3186705112, 3.1622679233, 3.2795698642, 3.2893450260, 3.3773214817, 3.3186705112)
00:01:33.329 -> (3.3333332538, 3.2013685703, 3.2942326068, 3.2795698642, 3.4066472053, 3.3235580921)
00:01:33.780 -> (3.3382208347, 3.1964809894, 3.2942326068, 3.2942326068, 3.4017596244, 3.3284456729)
00:01:34.231 -> (3.3333332538, 3.1720430850, 3.2551319599, 3.2795698642, 3.3968720436, 3.3235580921)
00:01:34.682 -> (3.3333332538, 3.1524927616, 3.3088953495, 3.2991201877, 3.3773214817, 3.3284456729)
00:01:35.132 -> (3.3382208347, 3.1427175998, 3.2844574451, 3.2991201877, 3.3577711582, 3.3235580921)
00:01:35.583 -> (3.3333332538, 3.1329424381, 3.2893450260, 3.2893450260, 3.3431084156, 3.3186705112)
00:01:36.033 -> (3.3284456729, 3.1231670379, 3.2844574451, 3.2893450260, 3.3431084156, 3.3235580921)
00:01:36.484 -> (3.3284456729, 3.1280546188, 3.2844574451, 3.2942326068, 3.3235580921, 3.3186705112)
00:01:36.934 -> (3.3284456729, 3.0987291336, 3.2746822834, 3.2844574451, 3.3284456729, 3.3186705112)
00:01:37.385 -> (3.3186705112, 3.0938415527, 3.2893450260, 3.2942326068, 3.3284456729, 3.3186705112)
00:01:37.836 -> (3.3137829303, 3.1231670379, 3.2600195407, 3.2795698642, 3.3431084156, 3.3137829303)
00:01:38.287 -> (3.3186705112, 3.1378300189, 3.2795698642, 3.2795698642, 3.3528835773, 3.3137829303)
00:01:38.738 -> (3.3284456729, 3.1427175998, 3.2844574451, 3.2844574451, 3.3626587390, 3.3137829303)
00:01:39.188 -> (3.3235580921, 3.1524927616, 3.2844574451, 3.2795698642, 3.3724339008, 3.3186705112)
00:01:39.639 -> (3.3333332538, 3.1720430850, 3.2893450260, 3.2893450260, 3.3870968818, 3.3235580921)
00:01:40.089 -> (3.3284456729, 3.1964809894, 3.2942326068, 3.2942326068, 3.3968720436, 3.3284456729)
00:01:40.540 -> (3.3333332538, 3.1867058277, 3.3088953495, 3.3040077686, 3.4115347862, 3.3137829303)
00:01:40.990 -> (3.3235580921, 3.1573803424, 3.3088953495, 3.2844574451, 3.3822093009, 3.3284456729)
00:01:41.441 -> (3.3333332538, 3.1427175998, 3.2893450260, 3.2991201877, 3.3577711582, 3.3186705112)
00:01:41.892 -> (3.3333332538, 3.1280546188, 3.2893450260, 3.2942326068, 3.3479959964, 3.3235580921)
00:01:42.342 -> (3.3284456729, 3.1182794570, 3.2795698642, 3.2893450260, 3.3382208347, 3.3235580921)
00:01:42.794 -> (3.3284456729, 3.1231670379, 3.2844574451, 3.2893450260, 3.3382208347, 3.3235580921)
00:01:43.244 -> (3.3235580921, 3.0889539718, 3.2795698642, 3.2795698642, 3.3186705112, 3.3186705112)
00:01:43.695 -> (3.3235580921, 3.0938415527, 3.2746822834, 3.2942326068, 3.3186705112, 3.3088953495)
00:01:44.145 -> (3.3235580921, 3.1182794570, 3.2844574451, 3.2746822834, 3.3479959964, 3.2991201877)
00:01:44.596 -> (3.3186705112, 3.1427175998, 3.2795698642, 3.2795698642, 3.3577711582, 3.3088953495)
00:01:45.047 -> (3.3235580921, 3.1524927616, 3.2844574451, 3.2844574451, 3.3675463199, 3.3137829303)
00:01:45.497 -> (3.3235580921, 3.1573803424, 3.2893450260, 3.2844574451, 3.3773214817, 3.3186705112)
00:01:45.948 -> (3.3235580921, 3.1964809894, 3.2893450260, 3.2893450260, 3.4066472053, 3.3186705112)
00:01:46.398 -> (3.3333332538, 3.1964809894, 3.2893450260, 3.2893450260, 3.4017596244, 3.3284456729)
00:01:46.849 -> (3.3382208347, 3.1818182468, 3.3088953495, 3.2844574451, 3.3968720436, 3.3284456729)
00:01:47.300 -> (3.3333332538, 3.1573803424, 3.2942326068, 3.2893450260, 3.3675463199, 3.3284456729)
00:01:47.751 -> (3.3284456729, 3.1329424381, 3.2893450260, 3.2893450260, 3.3528835773, 3.3284456729)
00:01:48.201 -> (3.3284456729, 3.1182794570, 3.2942326068, 3.2942326068, 3.3431084156, 3.3235580921)
00:01:48.652 -> (3.3235580921, 3.1133918762, 3.2893450260, 3.2844574451, 3.3382208347, 3.3186705112)
00:01:49.103 -> (3.3186705112, 3.0938415527, 3.2844574451, 3.2795698642, 3.3137829303, 3.3186705112)
00:01:49.553 -> (3.3186705112, 3.0938415527, 3.2844574451, 3.2795698642, 3.3088953495, 3.3088953495)
00:01:50.004 -> (3.3186705112, 3.0987291336, 3.2453567981, 3.2942326068, 3.3382208347, 3.3137829303)
00:01:50.454 -> (3.3186705112, 3.1378300189, 3.2844574451, 3.2795698642, 3.3479959964, 3.3186705112)
00:01:50.905 -> (3.3186705112, 3.1427175998, 3.2844574451, 3.2844574451, 3.3577711582, 3.3137829303)
00:01:51.356 -> (3.3235580921, 3.1524927616, 3.2795698642, 3.2795698642, 3.3626587390, 3.3186705112)
00:01:51.807 -> (3.3235580921, 3.1622679233, 3.2844574451, 3.2844574451, 3.3773214817, 3.3186705112)
00:01:52.258 -> (3.3235580921, 3.1964809894, 3.2991201877, 3.2991201877, 3.4017596244, 3.3235580921)
00:01:52.708 -> (3.3284456729, 3.1915934085, 3.2795698642, 3.2991201877, 3.4164223670, 3.3235580921)
00:01:53.159 -> (3.3382208347, 3.1769306659, 3.2991201877, 3.2991201877, 3.3822093009, 3.3186705112)
00:01:53.609 -> (3.3284456729, 3.1378300189, 3.2991201877, 3.2942326068, 3.3577711582, 3.3235580921)
00:01:54.060 -> (3.3235580921, 3.1329424381, 3.2893450260, 3.2942326068, 3.3528835773, 3.3284456729)
00:01:54.510 -> (3.3284456729, 3.1182794570, 3.2942326068, 3.2893450260, 3.3382208347, 3.3235580921)
00:01:54.961 -> (3.3284456729, 3.1231670379, 3.2844574451, 3.2844574451, 3.3431084156, 3.3186705112)
00:01:55.411 -> (3.3235580921, 3.0938415527, 3.2893450260, 3.2795698642, 3.3235580921, 3.3137829303)
00:01:55.862 -> (3.3186705112, 3.0889539718, 3.2746822834, 3.2844574451, 3.3235580921, 3.3040077686)
00:01:56.314 -> (3.3235580921, 3.1231670379, 3.2795698642, 3.2649071216, 3.3528835773, 3.3088953495)
00:01:56.764 -> (3.3186705112, 3.1378300189, 3.2844574451, 3.2746822834, 3.3626587390, 3.3137829303)
00:01:57.215 -> (3.3186705112, 3.1476051807, 3.2893450260, 3.2795698642, 3.3675463199, 3.3137829303)
00:01:57.665 -> (3.3235580921, 3.1573803424, 3.2795698642, 3.2844574451, 3.3822093009, 3.3137829303)
00:01:58.116 -> (3.3235580921, 3.1769306659, 3.2844574451, 3.2795698642, 3.4017596244, 3.3186705112)
00:01:58.566 -> (3.3284456729, 3.1915934085, 3.2893450260, 3.2942326068, 3.4066472053, 3.3235580921)
00:01:59.017 -> (3.3382208347, 3.1769306659, 3.2649071216, 3.2942326068, 3.4066472053, 3.3284456729)
00:01:59.468 -> (3.3382208347, 3.1524927616, 3.2942326068, 3.2942326068, 3.3870968818, 3.3235580921)
00:01:59.918 -> (3.3284456729, 3.1280546188, 3.2893450260, 3.2942326068, 3.3626587390, 3.3235580921)
00:02:00.369 -> (3.3284456729, 3.1231670379, 3.2893450260, 3.2893450260, 3.3431084156, 3.3235580921)
00:02:00.819 -> (3.3284456729, 3.1133918762, 3.2893450260, 3.2893450260, 3.3479959964, 3.3235580921)
00:02:01.271 -> (3.3284456729, 3.1085042953, 3.2844574451, 3.2795698642, 3.3235580921, 3.3186705112)
00:02:01.721 -> (3.3235580921, 3.0889539718, 3.2795698642, 3.2795698642, 3.3284456729, 3.3137829303)
00:02:02.172 -> (3.3235580921, 3.1085042953, 3.2453567981, 3.2844574451, 3.3528835773, 3.3088953495)
00:02:02.622 -> (3.3235580921, 3.1231670379, 3.2600195407, 3.2795698642, 3.3626587390, 3.3137829303)
00:02:03.073 -> (3.3186705112, 3.1378300189, 3.2844574451, 3.2795698642, 3.3675463199, 3.3088953495)
00:02:03.524 -> (3.3186705112, 3.1427175998, 3.2893450260, 3.2795698642, 3.3724339008, 3.3235580921)
00:02:03.974 -> (3.3284456729, 3.1476051807, 3.2844574451, 3.2893450260, 3.3822093009, 3.3186705112)
00:02:04.425 -> (3.3235580921, 3.1915934085, 3.2600195407, 3.2893450260, 3.4164223670, 3.3235580921)
00:02:04.875 -> (3.3284456729, 3.1867058277, 3.2991201877, 3.2991201877, 3.3968720436, 3.3186705112)
00:02:05.326 -> (3.3235580921, 3.1671555042, 3.3186705112, 3.2844574451, 3.3773214817, 3.3333332538)
00:02:05.776 -> (3.3333332538, 3.1329424381, 3.2893450260, 3.2893450260, 3.3675463199, 3.3333332538)
00:02:06.228 -> (3.3333332538, 3.1280546188, 3.2893450260, 3.2893450260, 3.3528835773, 3.3235580921)
00:02:06.679 -> (3.3235580921, 3.1133918762, 3.2893450260, 3.2893450260, 3.3382208347, 3.3186705112)
00:02:07.129 -> (3.3284456729, 3.1182794570, 3.2942326068, 3.2844574451, 3.3431084156, 3.3137829303)
00:02:07.580 -> (3.3235580921, 3.0791788101, 3.2746822834, 3.2795698642, 3.3186705112, 3.3137829303)
00:02:08.030 -> (3.3137829303, 3.0889539718, 3.2844574451, 3.2600195407, 3.3137829303, 3.3186705112)
00:02:08.481 -> (3.3333332538, 3.1036167144, 3.2991201877, 3.2795698642, 3.3431084156, 3.3186705112)
00:02:08.931 -> (3.3235580921, 3.1329424381, 3.2795698642, 3.2795698642, 3.3577711582, 3.3186705112)
00:02:09.382 -> (3.3186705112, 3.1427175998, 3.2844574451, 3.2795698642, 3.3675463199, 3.3186705112)
00:02:09.832 -> (3.3137829303, 3.1524927616, 3.2844574451, 3.2795698642, 3.3675463199, 3.3137829303)
00:02:10.283 -> (3.3186705112, 3.1524927616, 3.2893450260, 3.2795698642, 3.3822093009, 3.3235580921)
00:02:10.734 -> (3.3284456729, 3.1964809894, 3.2991201877, 3.2893450260, 3.4066472053, 3.3284456729)
00:02:11.184 -> (3.3284456729, 3.1867058277, 3.2942326068, 3.2893450260, 3.4017596244, 3.3235580921)
00:02:11.636 -> (3.3333332538, 3.1915934085, 3.2746822834, 3.2697947025, 3.4066472053, 3.3235580921)
00:02:12.086 -> (3.3333332538, 3.1476051807, 3.2942326068, 3.2746822834, 3.3822093009, 3.3186705112)
00:02:12.537 -> (3.3235580921, 3.1378300189, 3.2942326068, 3.2893450260, 3.3577711582, 3.3235580921)
00:02:12.987 -> (3.3235580921, 3.1231670379, 3.2893450260, 3.2844574451, 3.3528835773, 3.3284456729)
00:02:13.438 -> (3.3235580921, 3.1133918762, 3.2942326068, 3.2844574451, 3.3431084156, 3.3235580921)
00:02:13.889 -> (3.3235580921, 3.1182794570, 3.2844574451, 3.2893450260, 3.3431084156, 3.3186705112)
00:02:14.339 -> (3.3186705112, 3.0889539718, 3.2844574451, 3.2844574451, 3.3235580921, 3.3137829303)
00:02:14.790 -> (3.3137829303, 3.0987291336, 3.2893450260, 3.2795698642, 3.3235580921, 3.3137829303)
00:02:15.240 -> (3.3186705112, 3.1231670379, 3.2746822834, 3.2600195407, 3.3431084156, 3.3186705112)
00:02:15.691 -> (3.3088953495, 3.1231670379, 3.2697947025, 3.2746822834, 3.3479959964, 3.3137829303)
00:02:16.142 -> (3.3137829303, 3.1378300189, 3.2844574451, 3.2795698642, 3.3626587390, 3.3186705112)
00:02:16.593 -> (3.3235580921, 3.1427175998, 3.2795698642, 3.2795698642, 3.3675463199, 3.3137829303)
00:02:17.043 -> (3.3235580921, 3.1476051807, 3.2844574451, 3.2746822834, 3.3724339008, 3.3186705112)
00:02:17.494 -> (3.3186705112, 3.1524927616, 3.2844574451, 3.2844574451, 3.3773214817, 3.3186705112)
00:02:17.945 -> (3.3284456729, 3.1622679233, 3.2942326068, 3.2893450260, 3.4066472053, 3.3186705112)
00:02:18.395 -> (3.3186705112, 3.1915934085, 3.2746822834, 3.2893450260, 3.4066472053, 3.3235580921)
00:02:18.846 -> (3.3235580921, 3.1818182468, 3.2942326068, 3.2893450260, 3.4115347862, 3.3284456729)
00:02:19.296 -> (3.3235580921, 3.1671555042, 3.2795698642, 3.2942326068, 3.4017596244, 3.3284456729)
00:02:19.747 -> (3.3284456729, 3.1622679233, 3.2942326068, 3.2991201877, 3.3773214817, 3.3284456729)
00:02:20.198 -> (3.3186705112, 3.1476051807, 3.3040077686, 3.2893450260, 3.3675463199, 3.3186705112)
00:02:20.649 -> (3.3284456729, 3.1329424381, 3.2991201877, 3.2893450260, 3.3577711582, 3.3284456729)
00:02:21.100 -> (3.3235580921, 3.1231670379, 3.2893450260, 3.2893450260, 3.3528835773, 3.3235580921)
00:02:21.550 -> (3.3235580921, 3.1133918762, 3.2942326068, 3.2844574451, 3.3479959964, 3.3186705112)
00:02:22.001 -> (3.3235580921, 3.1085042953, 3.2893450260, 3.2649071216, 3.3479959964, 3.3235580921)
00:02:22.451 -> (3.3186705112, 3.1133918762, 3.2893450260, 3.2649071216, 3.3382208347, 3.3137829303)
00:02:22.902 -> (3.3284456729, 3.0840663909, 3.2844574451, 3.2600195407, 3.3235580921, 3.3137829303)
00:02:23.352 -> (3.3137829303, 3.0938415527, 3.2844574451, 3.2600195407, 3.3186705112, 3.3137829303)
00:02:23.803 -> (3.3186705112, 3.1036167144, 3.2746822834, 3.2697947025, 3.3382208347, 3.3235580921)
00:02:24.253 -> (3.3186705112, 3.1085042953, 3.2844574451, 3.2649071216, 3.3431084156, 3.3137829303)
00:02:24.704 -> (3.3137829303, 3.1329424381, 3.2649071216, 3.2649071216, 3.3577711582, 3.3137829303)
00:02:25.156 -> (3.3186705112, 3.1329424381, 3.2844574451, 3.2600195407, 3.3577711582, 3.3137829303)
00:02:25.606 -> (3.3088953495, 3.1378300189, 3.2844574451, 3.2600195407, 3.3675463199, 3.3137829303)
00:02:26.057 -> (3.3186705112, 3.1427175998, 3.2795698642, 3.2600195407, 3.3724339008, 3.3137829303)
00:02:26.507 -> (3.3186705112, 3.1476051807, 3.2893450260, 3.2649071216, 3.3822093009, 3.3186705112)
00:02:26.958 -> (3.3186705112, 3.1769306659, 3.2991201877, 3.2697947025, 3.4066472053, 3.3284456729)
00:02:27.408 -> (3.3186705112, 3.1964809894, 3.2942326068, 3.2697947025, 3.4164223670, 3.3235580921)
00:02:27.859 -> (3.3284456729, 3.1867058277, 3.3040077686, 3.2746822834, 3.4213099479, 3.3235580921)
00:02:28.310 -> (3.3333332538, 3.1573803424, 3.2746822834, 3.2844574451, 3.3773214817, 3.3333332538)
00:02:28.760 -> (3.3284456729, 3.1573803424, 3.2795698642, 3.2697947025, 3.3773214817, 3.3186705112)
00:02:29.211 -> (3.3235580921, 3.1427175998, 3.2942326068, 3.2697947025, 3.3675463199, 3.3235580921)
00:02:29.662 -> (3.3284456729, 3.1329424381, 3.2893450260, 3.2697947025, 3.3577711582, 3.3235580921)
00:02:30.113 -> (3.3235580921, 3.1231670379, 3.2942326068, 3.2697947025, 3.3479959964, 3.3235580921)
00:02:30.563 -> (3.3186705112, 3.1231670379, 3.2893450260, 3.2649071216, 3.3479959964, 3.3235580921)
00:02:31.014 -> (3.3186705112, 3.1231670379, 3.2893450260, 3.2649071216, 3.3333332538, 3.3186705112)
00:02:31.464 -> (3.3137829303, 3.0889539718, 3.2893450260, 3.2551319599, 3.3284456729, 3.3137829303)
00:02:31.915 -> (3.3186705112, 3.0938415527, 3.2795698642, 3.2697947025, 3.3333332538, 3.3040077686)
00:02:32.366 -> (3.3186705112, 3.1231670379, 3.2991201877, 3.2697947025, 3.3431084156, 3.3088953495)
00:02:32.816 -> (3.3137829303, 3.1378300189, 3.2649071216, 3.2649071216, 3.3577711582, 3.3186705112)
00:02:33.267 -> (3.3186705112, 3.1378300189, 3.2844574451, 3.2600195407, 3.3626587390, 3.3186705112)
00:02:33.717 -> (3.3137829303, 3.1427175998, 3.2795698642, 3.2649071216, 3.3724339008, 3.3137829303)
00:02:34.169 -> (3.3235580921, 3.1524927616, 3.2893450260, 3.2600195407, 3.3773214817, 3.3186705112)
00:02:34.619 -> (3.3186705112, 3.1573803424, 3.2942326068, 3.2649071216, 3.3822093009, 3.3137829303)
00:02:35.070 -> (3.3235580921, 3.2013685703, 3.2942326068, 3.2697947025, 3.4066472053, 3.3284456729)
00:02:35.521 -> (3.3235580921, 3.1915934085, 3.2991201877, 3.2746822834, 3.4066472053, 3.3235580921)
00:02:35.971 -> (3.3284456729, 3.1867058277, 3.2697947025, 3.2697947025, 3.3968720436, 3.3284456729)
00:02:36.422 -> (3.3186705112, 3.1671555042, 3.2600195407, 3.2795698642, 3.3822093009, 3.3284456729)
00:02:36.872 -> (3.3333332538, 3.1476051807, 3.2991201877, 3.2697947025, 3.3724339008, 3.3235580921)
00:02:37.323 -> (3.3235580921, 3.1329424381, 3.2942326068, 3.2746822834, 3.3675463199, 3.3235580921)
00:02:37.773 -> (3.3235580921, 3.1280546188, 3.2893450260, 3.2746822834, 3.3528835773, 3.3284456729)
00:02:38.224 -> (3.3284456729, 3.1182794570, 3.2893450260, 3.2649071216, 3.3479959964, 3.3235580921)
00:02:38.674 -> (3.3137829303, 3.1182794570, 3.2893450260, 3.2697947025, 3.3479959964, 3.3186705112)
00:02:39.126 -> (3.3235580921, 3.1231670379, 3.2844574451, 3.2649071216, 3.3333332538, 3.3186705112)
00:02:39.577 -> (3.3186705112, 3.0889539718, 3.2844574451, 3.2600195407, 3.3186705112, 3.3137829303)
00:02:40.027 -> (3.3137829303, 3.0987291336, 3.2746822834, 3.2551319599, 3.3333332538, 3.3088953495)
00:02:40.478 -> (3.2991201877, 3.1036167144, 3.2551319599, 3.2649071216, 3.3577711582, 3.3186705112)
00:02:40.928 -> (3.3088953495, 3.1231670379, 3.2551319599, 3.2600195407, 3.3577711582, 3.3186705112)
00:02:41.379 -> (3.3137829303, 3.1427175998, 3.2844574451, 3.2649071216, 3.3626587390, 3.3088953495)
00:02:41.829 -> (3.3186705112, 3.1427175998, 3.2844574451, 3.2649071216, 3.3626587390, 3.3137829303)
00:02:42.280 -> (3.3186705112, 3.1476051807, 3.2893450260, 3.2649071216, 3.3724339008, 3.3137829303)
00:02:42.731 -> (3.3186705112, 3.1573803424, 3.2844574451, 3.2649071216, 3.3822093009, 3.3137829303)
00:02:43.181 -> (3.3186705112, 3.1671555042, 3.2893450260, 3.2649071216, 3.3919844627, 3.3235580921)
00:02:43.632 -> (3.3186705112, 3.2013685703, 3.2991201877, 3.2697947025, 3.4115347862, 3.3235580921)
00:02:44.083 -> (3.3284456729, 3.1915934085, 3.2844574451, 3.2649071216, 3.4017596244, 3.3137829303)
00:02:44.534 -> (3.3235580921, 3.1671555042, 3.2942326068, 3.2600195407, 3.4115347862, 3.3235580921)
00:02:44.984 -> (3.3333332538, 3.1476051807, 3.2697947025, 3.2600195407, 3.3822093009, 3.3284456729)
00:02:45.435 -> (3.3235580921, 3.1378300189, 3.2893450260, 3.2746822834, 3.3675463199, 3.3284456729)
00:02:45.885 -> (3.3284456729, 3.1329424381, 3.2893450260, 3.2697947025, 3.3577711582, 3.3235580921)
00:02:46.336 -> (3.3284456729, 3.1231670379, 3.2942326068, 3.2746822834, 3.3528835773, 3.3186705112)
00:02:46.787 -> (3.3235580921, 3.1133918762, 3.2844574451, 3.2697947025, 3.3479959964, 3.3186705112)
00:02:47.237 -> (3.3235580921, 3.1231670379, 3.2844574451, 3.2697947025, 3.3528835773, 3.3186705112)
00:02:47.688 -> (3.3137829303, 3.0889539718, 3.2746822834, 3.2649071216, 3.3235580921, 3.3186705112)
00:02:48.139 -> (3.3186705112, 3.0938415527, 3.2746822834, 3.2649071216, 3.3235580921, 3.3137829303)
00:02:48.590 -> (3.3040077686, 3.1182794570, 3.2502443790, 3.2453567981, 3.3431084156, 3.3088953495)
00:02:49.040 -> (3.3088953495, 3.1280546188, 3.2649071216, 3.2600195407, 3.3577711582, 3.3137829303)
00:02:49.491 -> (3.3137829303, 3.1378300189, 3.2795698642, 3.2649071216, 3.3626587390, 3.3186705112)
00:02:49.942 -> (3.3137829303, 3.1476051807, 3.2795698642, 3.2600195407, 3.3675463199, 3.3137829303)
00:02:50.392 -> (3.3088953495, 3.1476051807, 3.2795698642, 3.2649071216, 3.3724339008, 3.3137829303)
00:02:50.843 -> (3.3186705112, 3.1524927616, 3.2844574451, 3.2697947025, 3.3822093009, 3.3186705112)
00:02:51.293 -> (3.3186705112, 3.1915934085, 3.2991201877, 3.2795698642, 3.4408602714, 3.3235580921)
00:02:51.744 -> (3.3284456729, 3.1867058277, 3.2942326068, 3.2746822834, 3.4115347862, 3.3284456729)
00:02:52.194 -> (3.3235580921, 3.1867058277, 3.2600195407, 3.2551319599, 3.3968720436, 3.3186705112)
00:02:52.646 -> (3.3284456729, 3.1524927616, 3.2600195407, 3.2746822834, 3.3822093009, 3.3333332538)
00:02:53.096 -> (3.3186705112, 3.1427175998, 3.2844574451, 3.2795698642, 3.3724339008, 3.3186705112)
00:02:53.547 -> (3.3235580921, 3.1329424381, 3.2893450260, 3.2697947025, 3.3577711582, 3.3284456729)
00:02:53.998 -> (3.3284456729, 3.1280546188, 3.2893450260, 3.2697947025, 3.3479959964, 3.3235580921)
00:02:54.448 -> (3.3186705112, 3.1133918762, 3.2795698642, 3.2697947025, 3.3431084156, 3.3186705112)
00:02:54.899 -> (3.3186705112, 3.1182794570, 3.2795698642, 3.2649071216, 3.3382208347, 3.3186705112)
00:02:55.349 -> (3.3186705112, 3.0889539718, 3.2551319599, 3.2697947025, 3.3235580921, 3.3137829303)
00:02:55.800 -> (3.3137829303, 3.0889539718, 3.2697947025, 3.2600195407, 3.3186705112, 3.3088953495)
00:02:56.250 -> (3.3235580921, 3.1036167144, 3.2404692173, 3.2649071216, 3.3528835773, 3.3137829303)
00:02:56.701 -> (3.3186705112, 3.1133918762, 3.2746822834, 3.2697947025, 3.3479959964, 3.3137829303)
00:02:57.153 -> (3.3186705112, 3.1427175998, 3.2697947025, 3.2649071216, 3.3675463199, 3.3137829303)
00:02:57.603 -> (3.3137829303, 3.1476051807, 3.2649071216, 3.2649071216, 3.3675463199, 3.3137829303)
00:02:58.054 -> (3.3137829303, 3.1524927616, 3.2697947025, 3.2649071216, 3.3773214817, 3.3186705112)
00:02:58.504 -> (3.3088953495, 3.1622679233, 3.2746822834, 3.2697947025, 3.3919844627, 3.3235580921)
00:02:58.955 -> (3.3137829303, 3.1915934085, 3.2697947025, 3.2746822834, 3.4066472053, 3.3186705112)
00:02:59.405 -> (3.3235580921, 3.1915934085, 3.2746822834, 3.2697947025, 3.4017596244, 3.3235580921)
00:02:59.856 -> (3.3235580921, 3.1964809894, 3.2991201877, 3.2746822834, 3.4115347862, 3.3284456729)
00:03:00.306 -> (3.3333332538, 3.1524927616, 3.2942326068, 3.2649071216, 3.3870968818, 3.3235580921)
00:03:00.757 -> (3.3186705112, 3.1476051807, 3.2844574451, 3.2697947025, 3.3773214817, 3.3235580921)
00:03:01.209 -> (3.3284456729, 3.1378300189, 3.2844574451, 3.2697947025, 3.3675463199, 3.3235580921)
00:03:01.659 -> (3.3235580921, 3.1231670379, 3.2844574451, 3.2795698642, 3.3577711582, 3.3284456729)
00:03:02.110 -> (3.3235580921, 3.1182794570, 3.2844574451, 3.2746822834, 3.3528835773, 3.3186705112)
00:03:02.560 -> (3.3235580921, 3.1231670379, 3.2844574451, 3.2649071216, 3.3431084156, 3.3137829303)
00:03:03.011 -> (3.3137829303, 3.0938415527, 3.2746822834, 3.2600195407, 3.3284456729, 3.3137829303)
00:03:03.461 -> (3.3137829303, 3.0938415527, 3.2795698642, 3.2649071216, 3.3382208347, 3.3088953495)
00:03:03.912 -> (3.2991201877, 3.1231670379, 3.2893450260, 3.2697947025, 3.3431084156, 3.3137829303)
00:03:04.363 -> (3.3040077686, 3.1378300189, 3.2893450260, 3.2551319599, 3.3626587390, 3.3186705112)
00:03:04.813 -> (3.3137829303, 3.1378300189, 3.2746822834, 3.2649071216, 3.3626587390, 3.3137829303)
00:03:05.264 -> (3.3088953495, 3.1476051807, 3.2795698642, 3.2649071216, 3.3675463199, 3.3186705112)
00:03:05.714 -> (3.3137829303, 3.1524927616, 3.2795698642, 3.2649071216, 3.3724339008, 3.3186705112)
00:03:06.165 -> (3.3137829303, 3.1524927616, 3.2844574451, 3.2649071216, 3.3870968818, 3.3186705112)
00:03:06.616 -> (3.3186705112, 3.1915934085, 3.2697947025, 3.2746822834, 3.4115347862, 3.3235580921)
00:03:07.067 -> (3.3186705112, 3.1818182468, 3.2942326068, 3.2746822834, 3.4017596244, 3.3284456729)
00:03:07.517 -> (3.3284456729, 3.1818182468, 3.3186705112, 3.2893450260, 3.4164223670, 3.3333332538)
00:03:07.968 -> (3.3235580921, 3.1427175998, 3.2844574451, 3.2795698642, 3.3870968818, 3.3284456729)
00:03:08.419 -> (3.3284456729, 3.1378300189, 3.2844574451, 3.2746822834, 3.3675463199, 3.3235580921)
00:03:08.869 -> (3.3235580921, 3.1280546188, 3.2795698642, 3.2697947025, 3.3626587390, 3.3284456729)
00:03:09.320 -> (3.3186705112, 3.1231670379, 3.2893450260, 3.2697947025, 3.3577711582, 3.3235580921)
00:03:09.770 -> (3.3186705112, 3.1133918762, 3.2746822834, 3.2697947025, 3.3479959964, 3.3186705112)
00:03:10.221 -> (3.3186705112, 3.1182794570, 3.2600195407, 3.2746822834, 3.3479959964, 3.3186705112)
00:03:10.672 -> (3.3186705112, 3.0987291336, 3.2404692173, 3.2746822834, 3.3284456729, 3.3186705112)
00:03:11.123 -> (3.3137829303, 3.0889539718, 3.2453567981, 3.2649071216, 3.3333332538, 3.3137829303)
00:03:11.574 -> (3.3137829303, 3.0938415527, 3.2062561511, 3.2551319599, 3.3333332538, 3.3235580921)
00:03:12.024 -> (3.2991201877, 3.1329424381, 3.2502443790, 3.2453567981, 3.3479959964, 3.3137829303)
00:03:12.475 -> (3.3186705112, 3.1231670379, 3.2649071216, 3.2502443790, 3.3479959964, 3.3137829303)
00:03:12.925 -> (3.3137829303, 3.1378300189, 3.2600195407, 3.2600195407, 3.3626587390, 3.3088953495)
00:03:13.376 -> (3.3137829303, 3.1378300189, 3.2649071216, 3.2649071216, 3.3626587390, 3.3186705112)
00:03:13.826 -> (3.3137829303, 3.1427175998, 3.2649071216, 3.2697947025, 3.3724339008, 3.3186705112)
00:03:14.277 -> (3.3186705112, 3.1524927616, 3.2649071216, 3.2697947025, 3.3773214817, 3.3186705112)
00:03:14.727 -> (3.3186705112, 3.1622679233, 3.2551319599, 3.2697947025, 3.4017596244, 3.3186705112)
00:03:15.179 -> (3.3186705112, 3.1915934085, 3.2600195407, 3.2746822834, 3.4017596244, 3.3186705112)
00:03:15.630 -> (3.3186705112, 3.1769306659, 3.2453567981, 3.2697947025, 3.4017596244, 3.3235580921)
00:03:16.080 -> (3.3186705112, 3.1769306659, 3.2795698642, 3.2600195407, 3.3968720436, 3.3284456729)
00:03:16.531 -> (3.3284456729, 3.1573803424, 3.2600195407, 3.2844574451, 3.3919844627, 3.3235580921)
00:03:16.981 -> (3.3284456729, 3.1378300189, 3.2844574451, 3.2746822834, 3.3724339008, 3.3235580921)
00:03:17.432 -> (3.3235580921, 3.1280546188, 3.2746822834, 3.2697947025, 3.3577711582, 3.3284456729)
00:03:17.882 -> (3.3235580921, 3.1280546188, 3.2697947025, 3.2746822834, 3.3528835773, 3.3284456729)
00:03:18.333 -> (3.3186705112, 3.1182794570, 3.2649071216, 3.2746822834, 3.3479959964, 3.3235580921)
00:03:18.784 -> (3.3186705112, 3.1182794570, 3.2649071216, 3.2697947025, 3.3431084156, 3.3235580921)
00:03:19.234 -> (3.3186705112, 3.1231670379, 3.2600195407, 3.2649071216, 3.3382208347, 3.3186705112)
00:03:19.685 -> (3.3186705112, 3.0938415527, 3.2600195407, 3.2649071216, 3.3284456729, 3.3137829303)
00:03:20.136 -> (3.3088953495, 3.1085042953, 3.2600195407, 3.2600195407, 3.3235580921, 3.3137829303)
00:03:20.587 -> (3.3040077686, 3.0889539718, 3.2795698642, 3.2795698642, 3.3528835773, 3.3137829303)
00:03:21.037 -> (3.3137829303, 3.1182794570, 3.2258064746, 3.2649071216, 3.3528835773, 3.3137829303)
00:03:21.488 -> (3.3137829303, 3.1378300189, 3.2502443790, 3.2600195407, 3.3577711582, 3.3137829303)
00:03:21.938 -> (3.3088953495, 3.1378300189, 3.2502443790, 3.2600195407, 3.3626587390, 3.3137829303)
00:03:22.389 -> (3.3088953495, 3.1476051807, 3.2551319599, 3.2649071216, 3.3675463199, 3.3137829303)
00:03:22.840 -> (3.3186705112, 3.1524927616, 3.2453567981, 3.2697947025, 3.3773214817, 3.3186705112)
00:03:23.290 -> (3.3186705112, 3.1573803424, 3.2453567981, 3.2649071216, 3.3870968818, 3.3235580921)
00:03:23.741 -> (3.3186705112, 3.1964809894, 3.2355816364, 3.2795698642, 3.4115347862, 3.3235580921)
00:03:24.191 -> (3.3235580921, 3.1818182468, 3.2160313129, 3.2795698642, 3.4066472053, 3.3333332538)
00:03:24.643 -> (3.3284456729, 3.1964809894, 3.1964809894, 3.2795698642, 3.3968720436, 3.3235580921)
00:03:25.093 -> (3.3088953495, 3.1524927616, 3.2404692173, 3.2649071216, 3.3870968818, 3.3284456729)
00:03:25.544 -> (3.3284456729, 3.1378300189, 3.2258064746, 3.2746822834, 3.3773214817, 3.3235580921)
00:03:25.995 -> (3.3235580921, 3.1280546188, 3.2160313129, 3.2795698642, 3.3626587390, 3.3284456729)
00:03:26.445 -> (3.3137829303, 3.1133918762, 3.2209188938, 3.2746822834, 3.3626587390, 3.3186705112)
00:03:26.896 -> (3.3235580921, 3.1085042953, 3.2355816364, 3.2697947025, 3.3528835773, 3.3235580921)
00:03:27.346 -> (3.3186705112, 3.1133918762, 3.2258064746, 3.2649071216, 3.3382208347, 3.3186705112)
00:03:27.797 -> (3.3137829303, 3.0889539718, 3.2355816364, 3.2649071216, 3.3382208347, 3.3186705112)
00:03:28.247 -> (3.3088953495, 3.0889539718, 3.2209188938, 3.2697947025, 3.3235580921, 3.3040077686)
00:03:28.698 -> (3.3186705112, 3.1280546188, 3.1915934085, 3.2600195407, 3.3431084156, 3.3186705112)
00:03:29.149 -> (3.3137829303, 3.1182794570, 3.2306940555, 3.2600195407, 3.3626587390, 3.3137829303)
00:03:29.600 -> (3.3088953495, 3.1329424381, 3.2355816364, 3.2649071216, 3.3626587390, 3.3088953495)
00:03:30.051 -> (3.3088953495, 3.1378300189, 3.2306940555, 3.2649071216, 3.3724339008, 3.3137829303)
00:03:30.501 -> (3.3137829303, 3.1476051807, 3.2306940555, 3.2697947025, 3.3773214817, 3.3137829303)
00:03:30.952 -> (3.3137829303, 3.1622679233, 3.2111437320, 3.2746822834, 3.4164223670, 3.3186705112)
00:03:31.402 -> (3.3235580921, 3.1867058277, 3.2258064746, 3.2746822834, 3.4115347862, 3.3235580921)
00:03:31.853 -> (3.3186705112, 3.1867058277, 3.2502443790, 3.2697947025, 3.3968720436, 3.3284456729)
00:03:32.303 -> (3.3284456729, 3.1524927616, 3.2453567981, 3.2795698642, 3.3968720436, 3.3137829303)
00:03:32.754 -> (3.3137829303, 3.1329424381, 3.2404692173, 3.2746822834, 3.3724339008, 3.3284456729)
00:03:33.206 -> (3.3235580921, 3.1231670379, 3.2404692173, 3.2697947025, 3.3626587390, 3.3186705112)
00:03:33.656 -> (3.3186705112, 3.1133918762, 3.2404692173, 3.2746822834, 3.3577711582, 3.3235580921)
00:03:34.107 -> (3.3137829303, 3.1133918762, 3.2404692173, 3.2746822834, 3.3528835773, 3.3186705112)
00:03:34.557 -> (3.3186705112, 3.0987291336, 3.2404692173, 3.2697947025, 3.3382208347, 3.3186705112)
00:03:35.008 -> (3.3137829303, 3.0987291336, 3.2404692173, 3.2697947025, 3.3284456729, 3.3137829303)
00:03:35.458 -> (3.2991201877, 3.0791788101, 3.2600195407, 3.2404692173, 3.3186705112, 3.3088953495)
00:03:35.909 -> (3.3088953495, 3.1280546188, 3.2062561511, 3.2551319599, 3.3479959964, 3.3137829303)
00:03:36.359 -> (3.3088953495, 3.1378300189, 3.2355816364, 3.2649071216, 3.3626587390, 3.3088953495)
00:03:36.810 -> (3.3137829303, 3.1427175998, 3.2355816364, 3.2649071216, 3.3724339008, 3.3186705112)
00:03:37.261 -> (3.3137829303, 3.1476051807, 3.2306940555, 3.2649071216, 3.3773214817, 3.3137829303)
00:03:37.712 -> (3.3137829303, 3.1524927616, 3.2355816364, 3.2697947025, 3.3919844627, 3.3186705112)
00:03:38.163 -> (3.3137829303, 3.1964809894, 3.2453567981, 3.2746822834, 3.4164223670, 3.3235580921)
00:03:38.613 -> (3.3235580921, 3.1769306659, 3.2453567981, 3.2697947025, 3.4115347862, 3.3235580921)
00:03:39.064 -> (3.3284456729, 3.2013685703, 3.2795698642, 3.2893450260, 3.3773214817, 3.3235580921)
00:03:39.514 -> (3.3235580921, 3.1524927616, 3.2404692173, 3.2697947025, 3.3822093009, 3.3235580921)
00:03:39.965 -> (3.3186705112, 3.1329424381, 3.2355816364, 3.2746822834, 3.3675463199, 3.3186705112)
00:03:40.416 -> (3.3186705112, 3.1231670379, 3.2306940555, 3.2795698642, 3.3577711582, 3.3235580921)
00:03:40.866 -> (3.3186705112, 3.1085042953, 3.2306940555, 3.2746822834, 3.3528835773, 3.3235580921)
00:03:41.317 -> (3.3186705112, 3.1182794570, 3.2355816364, 3.2746822834, 3.3431084156, 3.3186705112)
00:03:41.767 -> (3.3137829303, 3.0889539718, 3.2258064746, 3.2600195407, 3.3333332538, 3.3186705112)
00:03:42.219 -> (3.3137829303, 3.0840663909, 3.2306940555, 3.2649071216, 3.3528835773, 3.3040077686)
00:03:42.669 -> (3.3088953495, 3.1329424381, 3.2306940555, 3.2551319599, 3.3382208347, 3.3088953495)
00:03:43.120 -> (3.3088953495, 3.1329424381, 3.2258064746, 3.2649071216, 3.3626587390, 3.3137829303)
00:03:43.570 -> (3.3088953495, 3.1329424381, 3.2209188938, 3.2649071216, 3.3675463199, 3.3137829303)
00:03:44.021 -> (3.3088953495, 3.1427175998, 3.2209188938, 3.2697947025, 3.3822093009, 3.3137829303)
00:03:44.472 -> (3.3137829303, 3.1476051807, 3.2209188938, 3.2649071216, 3.3919844627, 3.3235580921)
00:03:44.922 -> (3.3186705112, 3.1964809894, 3.2209188938, 3.2746822834, 3.4213099479, 3.3186705112)
00:03:45.373 -> (3.3186705112, 3.1818182468, 3.2306940555, 3.2844574451, 3.4164223670, 3.3284456729)
00:03:45.823 -> (3.3382208347, 3.1378300189, 3.1964809894, 3.2697947025, 3.3822093009, 3.3235580921)
00:03:46.274 -> (3.3284456729, 3.1427175998, 3.2404692173, 3.2697947025, 3.3724339008, 3.3235580921)
00:03:46.725 -> (3.3235580921, 3.1231670379, 3.2258064746, 3.2746822834, 3.3626587390, 3.3186705112)
00:03:47.176 -> (3.3186705112, 3.1085042953, 3.2404692173, 3.2746822834, 3.3577711582, 3.3235580921)
00:03:47.627 -> (3.3186705112, 3.1085042953, 3.2355816364, 3.2697947025, 3.3528835773, 3.3235580921)
00:03:48.077 -> (3.3186705112, 3.0840663909, 3.2355816364, 3.2697947025, 3.3186705112, 3.3137829303)
00:03:48.528 -> (3.3088953495, 3.0938415527, 3.2306940555, 3.2649071216, 3.3235580921, 3.3137829303)
00:03:48.978 -> (3.3040077686, 3.0840663909, 3.2404692173, 3.2844574451, 3.3431084156, 3.3186705112)
00:03:49.429 -> (3.3137829303, 3.1036167144, 3.2209188938, 3.2600195407, 3.3431084156, 3.3137829303)
00:03:49.879 -> (3.3088953495, 3.1329424381, 3.2209188938, 3.2600195407, 3.3626587390, 3.3186705112)
00:03:50.330 -> (3.3137829303, 3.1378300189, 3.2209188938, 3.2649071216, 3.3724339008, 3.3186705112)
00:03:50.780 -> (3.3186705112, 3.1427175998, 3.2209188938, 3.2649071216, 3.3773214817, 3.3137829303)
00:03:51.231 -> (3.3088953495, 3.1622679233, 3.1964809894, 3.2649071216, 3.4066472053, 3.3186705112)
00:03:51.682 -> (3.3186705112, 3.1818182468, 3.2306940555, 3.2697947025, 3.4115347862, 3.3284456729)
00:03:52.133 -> (3.3186705112, 3.1720430850, 3.2062561511, 3.2942326068, 3.4066472053, 3.3235580921)
00:03:52.584 -> (3.3088953495, 3.1476051807, 3.2453567981, 3.2649071216, 3.3919844627, 3.3235580921)
00:03:53.034 -> (3.3235580921, 3.1280546188, 3.2306940555, 3.2746822834, 3.3724339008, 3.3235580921)
00:03:53.485 -> (3.3235580921, 3.1182794570, 3.2160313129, 3.2697947025, 3.3626587390, 3.3235580921)
00:03:53.935 -> (3.3235580921, 3.1085042953, 3.2209188938, 3.2649071216, 3.3528835773, 3.3186705112)
00:03:54.386 -> (3.3235580921, 3.1085042953, 3.2160313129, 3.2746822834, 3.3528835773, 3.3235580921)
00:03:54.836 -> (3.3137829303, 3.0840663909, 3.2111437320, 3.2697947025, 3.3284456729, 3.3186705112)
00:03:55.287 -> (3.3088953495, 3.0889539718, 3.2111437320, 3.2649071216, 3.3284456729, 3.3186705112)
00:03:55.738 -> (3.3186705112, 3.1231670379, 3.2404692173, 3.2697947025, 3.3431084156, 3.2991201877)
00:03:56.189 -> (3.3040077686, 3.1280546188, 3.2160313129, 3.2551319599, 3.3626587390, 3.3137829303)
00:03:56.640 -> (3.3137829303, 3.1329424381, 3.2013685703, 3.2649071216, 3.3675463199, 3.3137829303)
00:03:57.090 -> (3.3137829303, 3.1427175998, 3.1964809894, 3.2649071216, 3.3773214817, 3.3186705112)
00:03:57.541 -> (3.3088953495, 3.1476051807, 3.2111437320, 3.2649071216, 3.3773214817, 3.3186705112)
00:03:57.991 -> (3.3137829303, 3.1573803424, 3.1280546188, 3.2697947025, 3.4066472053, 3.3284456729)
00:03:58.442 -> (3.3235580921, 3.1915934085, 3.1133918762, 3.2746822834, 3.4164223670, 3.3235580921)
00:03:58.893 -> (3.3235580921, 3.1867058277, 3.1182794570, 3.2844574451, 3.4213099479, 3.3186705112)
00:03:59.343 -> (3.3284456729, 3.1427175998, 3.0791788101, 3.2697947025, 3.3968720436, 3.3235580921)
00:03:59.794 -> (3.3186705112, 3.1280546188, 3.1476051807, 3.2746822834, 3.3675463199, 3.3235580921)
00:04:00.244 -> (3.3137829303, 3.1231670379, 3.1573803424, 3.2697947025, 3.3626587390, 3.3235580921)
00:04:00.696 -> (3.3186705112, 3.1085042953, 3.1133918762, 3.2746822834, 3.3528835773, 3.3235580921)
00:04:01.146 -> (3.3137829303, 3.1036167144, 3.0987291336, 3.2697947025, 3.3528835773, 3.3235580921)
00:04:01.597 -> (3.3186705112, 3.1085042953, 3.0889539718, 3.2697947025, 3.3333332538, 3.3186705112)
00:04:02.048 -> (3.3137829303, 3.0840663909, 3.0938415527, 3.2551319599, 3.3333332538, 3.3137829303)
00:04:02.498 -> (3.3088953495, 3.0742912292, 3.1280546188, 3.2600195407, 3.3186705112, 3.3186705112)
00:04:02.949 -> (3.3137829303, 3.0987291336, 3.1133918762, 3.2697947025, 3.3431084156, 3.3088953495)
00:04:03.399 -> (3.3088953495, 3.1133918762, 3.1573803424, 3.2600195407, 3.3626587390, 3.3137829303)
00:04:03.850 -> (3.3088953495, 3.1329424381, 3.1378300189, 3.2649071216, 3.3675463199, 3.3088953495)
00:04:04.300 -> (3.3088953495, 3.1427175998, 3.1378300189, 3.2697947025, 3.3773214817, 3.3186705112)
00:04:04.751 -> (3.3137829303, 3.1476051807, 3.1476051807, 3.2600195407, 3.3822093009, 3.3186705112)
00:04:05.201 -> (3.3186705112, 3.1524927616, 3.1476051807, 3.2746822834, 3.4017596244, 3.3235580921)
00:04:05.653 -> (3.3137829303, 3.1915934085, 3.1769306659, 3.2649071216, 3.4213099479, 3.3186705112)
00:04:06.104 -> (3.3235580921, 3.1720430850, 3.1915934085, 3.2697947025, 3.4066472053, 3.3284456729)
00:04:06.554 -> (3.3137829303, 3.1476051807, 3.1329424381, 3.2600195407, 3.3773214817, 3.3186705112)
00:04:07.005 -> (3.3186705112, 3.1524927616, 3.2160313129, 3.2746822834, 3.3822093009, 3.3284456729)
00:04:07.455 -> (3.3186705112, 3.1280546188, 3.1915934085, 3.2697947025, 3.3626587390, 3.3235580921)
00:04:07.906 -> (3.3186705112, 3.1182794570, 3.1867058277, 3.2697947025, 3.3626587390, 3.3137829303)
00:04:08.356 -> (3.3186705112, 3.1085042953, 3.1818182468, 3.2697947025, 3.3479959964, 3.3235580921)
00:04:08.807 -> (3.3186705112, 3.0987291336, 3.1720430850, 3.2746822834, 3.3479959964, 3.3186705112)
00:04:09.257 -> (3.3137829303, 3.1085042953, 3.1671555042, 3.2697947025, 3.3479959964, 3.3186705112)
00:04:09.708 -> (3.3137829303, 3.0840663909, 3.1524927616, 3.2600195407, 3.3235580921, 3.3137829303)
00:04:10.159 -> (3.3088953495, 3.0889539718, 3.1476051807, 3.2649071216, 3.3284456729, 3.3137829303)
00:04:10.610 -> (3.3186705112, 3.1036167144, 3.2160313129, 3.2795698642, 3.3382208347, 3.3284456729)
00:04:11.061 -> (3.3088953495, 3.1036167144, 3.1476051807, 3.2697947025, 3.3382208347, 3.3186705112)
00:04:11.511 -> (3.2991201877, 3.1085042953, 3.1427175998, 3.2600195407, 3.3626587390, 3.3137829303)
00:04:11.962 -> (3.3088953495, 3.1329424381, 3.1231670379, 3.2600195407, 3.3626587390, 3.3137829303)
00:04:12.412 -> (3.3137829303, 3.1378300189, 3.1182794570, 3.2551319599, 3.3724339008, 3.3137829303)
00:04:12.863 -> (3.3137829303, 3.1378300189, 3.1231670379, 3.2649071216, 3.3724339008, 3.3137829303)
00:04:13.314 -> (3.3137829303, 3.1476051807, 3.1231670379, 3.2649071216, 3.3870968818, 3.3186705112)
00:04:13.764 -> (3.3088953495, 3.1671555042, 3.1036167144, 3.2551319599, 3.4017596244, 3.3235580921)
00:04:14.215 -> (3.3235580921, 3.1867058277, 3.1085042953, 3.2746822834, 3.4115347862, 3.3235580921)
00:04:14.665 -> (3.3186705112, 3.1769306659, 3.1036167144, 3.2697947025, 3.4164223670, 3.3284456729)
00:04:15.116 -> (3.3137829303, 3.1622679233, 3.1622679233, 3.2844574451, 3.4164223670, 3.3284456729)
00:04:15.567 -> (3.3235580921, 3.1622679233, 3.1476051807, 3.2649071216, 3.3919844627, 3.3235580921)
00:04:16.018 -> (3.3235580921, 3.1573803424, 3.1280546188, 3.2746822834, 3.3724339008, 3.3284456729)
00:04:16.468 -> (3.3186705112, 3.1329424381, 3.1280546188, 3.2746822834, 3.3675463199, 3.3284456729)
00:04:16.919 -> (3.3235580921, 3.1231670379, 3.1329424381, 3.2649071216, 3.3577711582, 3.3235580921)
00:04:17.370 -> (3.3137829303, 3.1182794570, 3.1036167144, 3.2697947025, 3.3431084156, 3.3186705112)
00:04:17.820 -> (3.3137829303, 3.1133918762, 3.1133918762, 3.2649071216, 3.3528835773, 3.3235580921)
00:04:18.271 -> (3.3137829303, 3.0987291336, 3.0987291336, 3.2649071216, 3.3284456729, 3.3137829303)
00:04:18.721 -> (3.3186705112, 3.0987291336, 3.0938415527, 3.2600195407, 3.3382208347, 3.3186705112)
00:04:19.172 -> (3.3088953495, 3.0987291336, 3.0694036483, 3.2600195407, 3.3431084156, 3.3186705112)
00:04:19.623 -> (3.3088953495, 3.0987291336, 3.0987291336, 3.2551319599, 3.3479959964, 3.3186705112)
00:04:20.074 -> (3.3088953495, 3.1280546188, 3.0938415527, 3.2697947025, 3.3626587390, 3.3137829303)
00:04:20.525 -> (3.3088953495, 3.1476051807, 3.0987291336, 3.2600195407, 3.3675463199, 3.3137829303)
00:04:20.975 -> (3.3040077686, 3.1476051807, 3.1036167144, 3.2600195407, 3.3724339008, 3.3186705112)
00:04:21.426 -> (3.3088953495, 3.1476051807, 3.1036167144, 3.2649071216, 3.3773214817, 3.3186705112)
00:04:21.876 -> (3.3137829303, 3.1573803424, 3.0987291336, 3.2649071216, 3.3870968818, 3.3186705112)
00:04:22.327 -> (3.3186705112, 3.1964809894, 3.1182794570, 3.2649071216, 3.4164223670, 3.3186705112)
00:04:22.777 -> (3.3186705112, 3.1867058277, 3.1133918762, 3.2697947025, 3.4164223670, 3.3235580921)
00:04:23.228 -> (3.3186705112, 3.1769306659, 3.2258064746, 3.2795698642, 3.4164223670, 3.3333332538)
00:04:23.678 -> (3.3235580921, 3.1524927616, 3.0840663909, 3.2746822834, 3.3919844627, 3.3333332538)
00:04:24.129 -> (3.3186705112, 3.1378300189, 3.1231670379, 3.2746822834, 3.3675463199, 3.3235580921)
00:04:24.581 -> (3.3235580921, 3.1280546188, 3.1280546188, 3.2697947025, 3.3675463199, 3.3284456729)
00:04:25.031 -> (3.3235580921, 3.1182794570, 3.1133918762, 3.2649071216, 3.3577711582, 3.3235580921)
00:04:25.482 -> (3.3186705112, 3.1182794570, 3.1036167144, 3.2697947025, 3.3479959964, 3.3137829303)
00:04:25.932 -> (3.3088953495, 3.0987291336, 3.0938415527, 3.2600195407, 3.3333332538, 3.3235580921)
00:04:26.383 -> (3.3088953495, 3.0938415527, 3.0938415527, 3.2551319599, 3.3235580921, 3.3186705112)
00:04:26.833 -> (3.3137829303, 3.0987291336, 3.1231670379, 3.2551319599, 3.3528835773, 3.3040077686)
00:04:27.284 -> (3.3040077686, 3.1231670379, 3.0987291336, 3.2600195407, 3.3577711582, 3.3186705112)
00:04:27.735 -> (3.3088953495, 3.1427175998, 3.0938415527, 3.2600195407, 3.3675463199, 3.3137829303)
00:04:28.185 -> (3.3137829303, 3.1476051807, 3.0987291336, 3.2649071216, 3.3724339008, 3.3137829303)
00:04:28.636 -> (3.3088953495, 3.1573803424, 3.1085042953, 3.2649071216, 3.3773214817, 3.3186705112)
00:04:29.086 -> (3.3186705112, 3.1671555042, 3.1133918762, 3.2649071216, 3.4066472053, 3.3235580921)
00:04:29.538 -> (3.3186705112, 3.1867058277, 3.1085042953, 3.2746822834, 3.4164223670, 3.3235580921)
00:04:29.988 -> (3.3088953495, 3.1915934085, 3.1280546188, 3.2795698642, 3.4066472053, 3.3333332538)
00:04:30.439 -> (3.3186705112, 3.1524927616, 3.0889539718, 3.2697947025, 3.3724339008, 3.3284456729)
00:04:30.889 -> (3.3186705112, 3.1378300189, 3.2355816364, 3.2697947025, 3.3675463199, 3.3235580921)
00:04:31.340 -> (3.3137829303, 3.1280546188, 3.1280546188, 3.2697947025, 3.3577711582, 3.3186705112)
00:04:31.791 -> (3.3137829303, 3.1133918762, 3.0987291336, 3.2697947025, 3.3479959964, 3.3235580921)
00:04:32.241 -> (3.3137829303, 3.1133918762, 3.1133918762, 3.2649071216, 3.3479959964, 3.3186705112)
00:04:32.692 -> (3.3137829303, 3.0889539718, 3.0987291336, 3.2502443790, 3.3186705112, 3.3137829303)
00:04:33.142 -> (3.3137829303, 3.0987291336, 3.0987291336, 3.2649071216, 3.3186705112, 3.3088953495)
00:04:33.593 -> (3.3040077686, 3.1280546188, 3.1573803424, 3.2649071216, 3.3382208347, 3.3186705112)
00:04:34.044 -> (3.3040077686, 3.1036167144, 3.0742912292, 3.2453567981, 3.3528835773, 3.3088953495)
00:04:34.495 -> (3.3088953495, 3.1427175998, 3.0987291336, 3.2551319599, 3.3626587390, 3.3186705112)
00:04:34.946 -> (3.3088953495, 3.1427175998, 3.1036167144, 3.2649071216, 3.3675463199, 3.3137829303)
00:04:35.396 -> (3.3088953495, 3.1476051807, 3.2453567981, 3.2649071216, 3.3773214817, 3.3186705112)
00:04:35.847 -> (3.3186705112, 3.1720430850, 3.2355816364, 3.2697947025, 3.4017596244, 3.3137829303)
00:04:36.297 -> (3.3137829303, 3.1867058277, 3.2209188938, 3.2697947025, 3.4115347862, 3.3284456729)
00:04:36.748 -> (3.3235580921, 3.1818182468, 3.2404692173, 3.2551319599, 3.3919844627, 3.3235580921)
00:04:37.198 -> (3.3235580921, 3.1720430850, 3.2453567981, 3.2746822834, 3.3773214817, 3.3284456729)
00:04:37.650 -> (3.3235580921, 3.1329424381, 3.2355816364, 3.2697947025, 3.3577711582, 3.3186705112)
00:04:38.100 -> (3.3235580921, 3.1231670379, 3.2209188938, 3.2649071216, 3.3479959964, 3.3186705112)
00:04:38.551 -> (3.3186705112, 3.1085042953, 3.2404692173, 3.2746822834, 3.3333332538, 3.3235580921)
00:04:39.002 -> (3.3088953495, 3.1085042953, 3.2404692173, 3.2649071216, 3.3333332538, 3.3186705112)
00:04:39.452 -> (3.3137829303, 3.1133918762, 3.2209188938, 3.2600195407, 3.3186705112, 3.3186705112)
00:04:39.903 -> (3.3088953495, 3.0889539718, 3.2209188938, 3.2600195407, 3.3137829303, 3.3186705112)
00:04:40.353 -> (3.3040077686, 3.0840663909, 3.2013685703, 3.2649071216, 3.3333332538, 3.3088953495)
00:04:40.804 -> (3.3040077686, 3.1133918762, 3.2404692173, 3.2502443790, 3.3382208347, 3.3186705112)
00:04:41.254 -> (3.3040077686, 3.1133918762, 3.1280546188, 3.2600195407, 3.3431084156, 3.3137829303)
00:04:41.705 -> (3.3088953495, 3.1329424381, 3.1133918762, 3.2600195407, 3.3479959964, 3.3088953495)
00:04:42.156 -> (3.3137829303, 3.1378300189, 3.1085042953, 3.2649071216, 3.3577711582, 3.3137829303)
00:04:42.607 -> (3.3088953495, 3.1476051807, 3.2355816364, 3.2600195407, 3.3675463199, 3.3186705112)
00:04:43.058 -> (3.3137829303, 3.1573803424, 3.2502443790, 3.2600195407, 3.3822093009, 3.3137829303)
00:04:43.508 -> (3.3088953495, 3.1964809894, 3.2404692173, 3.2697947025, 3.3968720436, 3.3235580921)
00:04:43.959 -> (3.3088953495, 3.1720430850, 3.1671555042, 3.2697947025, 3.4017596244, 3.3235580921)
00:04:44.409 -> (3.3137829303, 3.1524927616, 3.1818182468, 3.2502443790, 3.4066472053, 3.3382208347)
00:04:44.860 -> (3.3186705112, 3.1524927616, 3.1231670379, 3.2746822834, 3.3724339008, 3.3284456729)
00:04:45.310 -> (3.3186705112, 3.1231670379, 3.2306940555, 3.2746822834, 3.3626587390, 3.3284456729)
00:04:45.761 -> (3.3186705112, 3.1231670379, 3.2258064746, 3.2746822834, 3.3626587390, 3.3284456729)
00:04:46.212 -> (3.3235580921, 3.1133918762, 3.2306940555, 3.2649071216, 3.3479959964, 3.3137829303)
00:04:46.662 -> (3.3137829303, 3.1036167144, 3.2404692173, 3.2649071216, 3.3382208347, 3.3235580921)
00:04:47.113 -> (3.3137829303, 3.1085042953, 3.2404692173, 3.2649071216, 3.3479959964, 3.3186705112)
00:04:47.564 -> (3.3137829303, 3.0791788101, 3.1720430850, 3.2551319599, 3.3186705112, 3.3186705112)
00:04:48.015 -> (3.3088953495, 3.0840663909, 3.1036167144, 3.2649071216, 3.3235580921, 3.3186705112)
00:04:48.465 -> (3.3088953495, 3.0791788101, 3.1769306659, 3.2404692173, 3.3040077686, 3.3088953495)
00:04:48.916 -> (3.3186705112, 3.1085042953, 3.0694036483, 3.2502443790, 3.3382208347, 3.3088953495)
00:04:49.367 -> (3.3040077686, 3.1182794570, 3.2160313129, 3.2502443790, 3.3528835773, 3.3137829303)
00:04:49.817 -> (3.3088953495, 3.1231670379, 3.2355816364, 3.2551319599, 3.3577711582, 3.3137829303)
00:04:50.268 -> (3.3088953495, 3.1280546188, 3.2306940555, 3.2600195407, 3.3577711582, 3.3186705112)
00:04:50.718 -> (3.3040077686, 3.1329424381, 3.2355816364, 3.2600195407, 3.3675463199, 3.3186705112)
00:04:51.169 -> (3.3088953495, 3.1378300189, 3.1280546188, 3.2649071216, 3.3724339008, 3.3186705112)
00:04:51.619 -> (3.3088953495, 3.1427175998, 3.2209188938, 3.2649071216, 3.3773214817, 3.3186705112)
00:04:52.070 -> (3.3088953495, 3.1769306659, 3.2160313129, 3.2502443790, 3.4115347862, 3.3186705112)
00:04:52.521 -> (3.3186705112, 3.1818182468, 3.2404692173, 3.2697947025, 3.4017596244, 3.3284456729)
00:04:52.972 -> (3.3137829303, 3.1720430850, 3.2160313129, 3.2697947025, 3.4017596244, 3.3235580921)
00:04:53.423 -> (3.3235580921, 3.1476051807, 3.2844574451, 3.2893450260, 3.3870968818, 3.3235580921)
00:04:53.873 -> (3.3088953495, 3.1378300189, 3.2649071216, 3.2746822834, 3.3822093009, 3.3186705112)
00:04:54.324 -> (3.3186705112, 3.1182794570, 3.2600195407, 3.2649071216, 3.3626587390, 3.3235580921)
00:04:54.774 -> (3.3186705112, 3.1133918762, 3.2551319599, 3.2649071216, 3.3577711582, 3.3235580921)
00:04:55.225 -> (3.3186705112, 3.1085042953, 3.2600195407, 3.2697947025, 3.3528835773, 3.3186705112)
00:04:55.675 -> (3.3186705112, 3.1036167144, 3.2600195407, 3.2697947025, 3.3479959964, 3.3186705112)
00:04:56.126 -> (3.3186705112, 3.0938415527, 3.2502443790, 3.2697947025, 3.3382208347, 3.3235580921)
00:04:56.577 -> (3.3186705112, 3.1036167144, 3.2600195407, 3.2649071216, 3.3382208347, 3.3186705112)
00:04:57.027 -> (3.3137829303, 3.0987291336, 3.2453567981, 3.2649071216, 3.3235580921, 3.3235580921)
00:04:57.479 -> (3.3137829303, 3.0694036483, 3.2306940555, 3.2551319599, 3.3186705112, 3.3137829303)
00:04:57.929 -> (3.3137829303, 3.0840663909, 3.2111437320, 3.2600195407, 3.3186705112, 3.3137829303)
00:04:58.380 -> (3.3137829303, 3.0987291336, 3.2746822834, 3.2649071216, 3.3235580921, 3.3040077686)
00:04:58.830 -> (3.2893450260, 3.0840663909, 3.2258064746, 3.2600195407, 3.3333332538, 3.3088953495)
00:04:59.281 -> (3.3088953495, 3.1133918762, 3.2160313129, 3.2502443790, 3.3577711582, 3.3137829303)
00:04:59.731 -> (3.3088953495, 3.1231670379, 3.2355816364, 3.2600195407, 3.3577711582, 3.3137829303)
00:05:00.182 -> (3.3088953495, 3.1280546188, 3.2209188938, 3.2600195407, 3.3626587390, 3.3186705112)
00:05:00.633 -> (3.3088953495, 3.1280546188, 3.2209188938, 3.2551319599, 3.3626587390, 3.3137829303)
